494064;53680367407324325981120374871006653571;53680246805582613577214221066299303286;53680367407324325981120374871006653571;0.0;0
494065;53680367411471879115134753072920889079;53680246868398004259912264732389879941;53680367411475223986550944263448210682;2.7748350101506053E-8;3344871416191190527321603
494066;53680381466467879705457778770709348898;53680543747553535010100560617796370193;53680381466467879705457778770709348898;0.0;0
494067;53680482468526681162817535458599138891;53680543756033049540581117719107947985;53680482468526681162817535458599138891;0.0;0
494068;53681056518135384417949454638804007413;53680543797657479457807947161111188401;53681056518135382161331869093083170281;-4.401262837728936E-12;-2256617585545720837132
494069;53684258353010304712771537754320705758;53680543963022561951474315463209715473;53684258353010304712771537754320249225;-1.2290928026042724E-28;-456533
494070;53684950205215957606025897425548363917;53680572221149257533165736081255437326;53684950205215957606025897425548411965;1.0974914313979315E-29;48048
494071;53684987364663749527213322586106619289;53680759844737466036529623251215708917;53684987364677129012887973260202560405;3.164854550174264E-9;13379485674650674095941116
494072;53689812754876639295877842998712404399;53680778318771957525119852538135130357;53689812754876639295877842998712404399;0.0;0
494073;53689815392789160431897702687531115505;53680778481304026543022147271689510493;53689815392789160431898135997659320536;4.794891804770302E-20;433310128205031
494074;53693898691390149489157340672393865761;53681753645598368182923265505789419669;53693898691390151746155533006740351401;1.858369438064765E-13;2256998192334346485640
494075;53698824772570088799108757536239383733;53681892947882876753535062582863257068;53698824772570088799299125119230794019;1.1243181789803645E-17;190367582991410286
494076;53717873118100885369506095701148560329;53681893066696054350039272754362657094;53717873118100885369506094033769519617;-4.6341763716549947E-23;-1667379040712
494077;53717886443079403186707461931902753625;53682833601944781551253878147142548263;53717886443079403186707461942729890253;3.08880429589659E-25;10827136628
494078;53717904215343364373145734550688413041;53682855320008016415176964330537770017;53717904215343364373145734550690239177;5.21025265569007E-29;1826136
494079;53718361800068196220505967770566606861;53682969478526439024389623904357212970;53718361800068196220505967770566606861;0.0;0
494080;53720304409442716274019583324802606773;53684211010735773778826115379853805622;53720304409442716274019583325365055429;1.5583144734214628E-26;562448656
494081;53723151225678519525284811480027177373;53685552058575900372213661006340340274;53723151225678519525284811480027177373;0.0;0
494082;53726149806494328809117462222490157391;53687087948635701533347684170562870717;53726149806494328809117462222490157391;0.0;0
494083;53726165069345270755462136377706953111;53687587324591643378674795495641324612;53726165069345270755462141588275615641;1.350666996167541E-22;5210568662530
494084;53726165372973569940364729055201986036;53688061728905384418411503937108013200;53726165372973569940364729055201986036;0.0;0
494085;53750209823487452874003836945226447896;53688737312975797043362731376583451945;53750209823487452874004400102989590948;9.161131674234639E-21;563157763143052
494086;53753636892587512611214244057627119729;53698824807611217512711860855858177073;53753636892587512611214244057345895401;-5.130699336134043E-27;-281224328
494087;53754346705141783299801580528849564642;53698831549929176483855649367469544547;53754346705141783299801580528849564642;0.0;0
494088;53789598747517121488836662736826218011;53698837222281855661975946606265463753;53789598747517121489217269514622903759;4.1934815089334706E-18;380606777796685748
494089;53791012944482846745447296945730145345;53699777657451936453601614877260802673;53791012944482846745449768418313240861;2.7088998824086424E-20;2471472583095516
494090;53825126794171197019682794471096972469;53700748961611664775103500613285151785;53825126794171197019682794471097885535;7.341066982840129E-30;913066
494091;53849633601849870924782524153623048793;53702477923297809977907140232799900054;53849633592580253422638985096663500457;-6.299191164997497E-8;-9269617502143539056959548336
494092;53868378594575909862321574872161887631;53702642620511932016846522991059315631;53868378594575912683093556817849137496;1.7019672390840178E-14;2820771981945687249865
494093;53876036925957615868859455219966981996;53707538081001094723888462648682123007;53876036925957615868859455219966981996;0.0;0
494094;53900534572745230020053384472764864493;53717177103267832916039051549027274103;53900534572745230020053448666857931905;3.501035068294578E-22;64194093067412
494095;53901498079266469339715754284199565081;53738153692358939488537133686020248971;53901498079266469339715754284199565081;0.0;0
494096;53928402901390249268842582490789487520;53740397624939860929864232232860158391;53928402901390249268842582490789487520;0.0;0
494097;53935419047902764550147726923329482169;53740938428267074866633027364454566591;53935419047916144021159130761920640539;6.879590900351356E-11;13379471011403838591158370
494098;53943631340948432547702180246414167190;53753030336659155985438540882980283449;53943631340878190247962165131655520436;-3.685305856699887E-10;-70242299740015114758646754
494099;53953656476008844873493043716075863121;53773267142374536724635587923660706526;53953656476008844873493043716253910991;9.870199441001604E-28;178047870
494100;53970203485409145412726105124848158817;53790634470989245548295028355958926987;53970191269055687428604053266476336729;-6.803152257336388E-5;-12216353457984122051858371822088
494101;53998020204823531128306870900665260199;53791615388780045995219946160694879049;53998020204823531128306870900665260199;0.0;0
494102;54010491461436842387259732759336243073;53792504108108288161875960729782072119;54010491461436842387259732791817652957;1.4900593721619927E-25;32481409884
494103;54010583547581209756035676513353346069;53794536844266142627073029694039198129;54010583547581223295726746181711977709;6.267020446001918E-14;13539691069668358631640
494104;54060274022890990519276055046473165465;53799722773932118842304510345611359957;54060274022890981492805712820273965897;-3.46437423665969E-14;-9026470342226199199568
494105;54060957609472466521158483306441560722;53822422446388716755109445973266859311;54060957609472466521159157344418768548;2.825738429898367E-21;674037977207826
494106;54070385175398063376714962019149780407;53861485375773543509077514207933684486;54070385175398063376714962019149780414;3.350888805342045E-35;7
494107;54118630777651044551685672113331620801;53901149198407090368564931609177017277;54118630777651739589902023530669987537;3.195848672644485E-12;695038216351417338366736
494108;54189180667078477730334746326773331233;53901149198412083364463368009182566171;54189180667078477730334746326773331233;0.0;0
494109;54225257840751159926484115098494685771;53901149210669937338957865675129282379;54225257840751159926484275583727354301;4.9515877632851655E-22;160485232668530
494110;54232071665008182200717800452971914105;53927224767554023724743859330007356968;54232071665008182200717800452971914105;0.0;0
494111;54343631397394532738336620152800684929;53954244895506588331044323042663798501;54343631397394532738336620152811641721;2.8138602511581377E-29;10956792
494112;54380628695167176075799089241428118437;53954810481248948711079531524068242966;54376395728693984577508120315591764945;-0.00994078302626196;-4232966473191498290968925836353492
494113;54386617691471369768091352525436482825;53961280925708293496942184988888783976;54386617691471369768091352584985734279;1.4000494724965885E-25;59549251454
494114;54387181909981597257513980299595285749;53970928773853390225051927390053360681;54387181911526927851794312824286427403;3.7124779614978487E-9;1545330594280332524691141654
494115;54395857966633616476190658177476954457;53975312156653602239113165368887784129;54395857966633616476190658177476954457;0.0;0
494116;54484583675726406078184780029161863761;53992176065797659560657862327097978759;54484583675726410650033394922951068737;9.284683101374805E-15;4571848614893789204976
494117;54625640400809471366902644795759582821;53998322432747575125891811259031724881;54620937104728147479912679322608078941;-0.007497467505760687;-4703296081323886989965473151503880
494118;54640905683493114783891870615317291407;54007312613696091965454978747823093585;54640905683493114783891870615317291407;0.0;0
494119;54773860476115341496387026677514381397;54007674957271937694017970259211737213;54773860476115341584307192348548789185;1.147504925487947E-16;87920165671034407788
494120;54773909973289839386028496648723909117;54045723393885676535025184229502653911;54773909973290360664690760211727684169;7.158586508008678E-13;521278662263563003775052
494121;54876766253552019830340307848620471089;54057099040155971575875617781045321201;54876766253552019830340500430899673325;2.34951790256839E-22;192582279202236
494122;54876822179496321206509191560155673221;54063929647892113305654029754318258599;54876822179576598120497780262737031181;9.875464574654871E-11;80276913988588702581357960
494123;54877389074832022197870075380261622481;54070577582661326416460602759496168161;54877315776671135836143469878740082097;-9.084917802689673E-5;-73298160886361726605501521540384
494124;54890966855536208248377866171539723633;54126155923720021245323427312051296077;54890966855536208248377866171539721785;-2.4162834540185997E-33;-1848
494125;55077596104325341011819658699314680305;54126158965002066836414700669729558889;55077596104325341011819658699314680305;0.0;0
494126;55077596223918047459139006917123135785;54138841021119673352636563835100691451;55077596223918047459139006917123135785;0.0;0
494127;55111023049950271907513259677655636413;54151047103480871038052399579128070456;55111023049950271907513259677655636413;0.0;0
494128;55191365943715563320649202917240707236;54152465211033812918852431994582483117;55191365943715563320673997885687995121;2.3866542459050706E-20;24794968447287885
494129;55201295919529352439732943918373118999;54178026328082014109393604402305023440;55201295919529352439732943918373118999;0.0;0
494130;55275641623071694724984835437888937513;54295960137061825019872025720646607279;55275641623071694724984835437888937513;0.0;0
494131;55310440661975514204350206625455066357;54296694808204183389103974830315814284;55310440661975687963904294480072684785;1.7140346709329111E-13;173759554087854617618428
494132;55401701505241953822413282972909195181;54505716618387509830905138380953290319;55311163055676468997856447614742745491;-0.10104908117740732;-90538449565484824556835358166449690
494133;55473345457325741726563074488805727822;54529423330094558965755041427316033491;55473345457330042275526748883973561381;4.5560421136532134E-12;4300548963674395167833559
494134;55582052087072788159355182841531879793;54553722419932640571666647841942330517;55600159776985885124456853302063512605;0.017608837410531625;18107689913096965101670460531632812
494135;55790045046425221800430581819906130652;54661736080419521375968013589491379121;55790045046425221800430581817199346495;-2.39897425133669E-27;-2706784157
494136;56092161222524478009749889172900172263;54664439178715639192172103259507082683;55965407396879055241504459125263849737;-0.08878046409318743;-126753825645422768245430047636322526
494137;56092165347613909669531861634878850639;54676417589381389349442051942624958049;55965411518222230915152292133445821073;-0.089531365071645;-126753829391678754379569501433029566
494138;56215433761216472213558213294531362185;54676460251240754939894948571215352501;56215433761216472213558213294531362185;0.0;0
494139;56523157176590105115666672768323006031;54680051237870818500554981326995058839;56523157176596794858499055160204785865;3.6296029934290557E-12;6689742832382391881779834
494140;56649915747551790028216381721870524493;54690533073430993312782985662165497893;56649915906205731040997187590161067637;8.097139119798082E-8;158653941012780805868290543144
494141;56649915747636629705380375532649124045;54778383831628528328322010076003244361;56649915906290049410192195947450477377;8.477195518162088E-8;158653419704811820414801353332
494142;56686138584640844636526452896935721099;54854343983367692199936793482593706057;56686138584640844636526452896935721099;0.0;0
494143;56725160987396409897868784796628769405;54888089913570251631816866013472472425;56725160987396409897868784796628769405;0.0;0
494144;56729100489308093800766433888266712409;54985209847491813619284185337691684369;56729088272954635816644382029896740169;-7.005229092381999E-6;-12216353457984122051858369972240
494145;56759054905168115625506845127999593513;54995366440375814752516281109259680177;56759054905168115684500895686485884145;3.344924669869838E-17;58994050558486290632
494146;56795258068293135950909125546576060417;55011185142953214244238780514291100202;56795258068319894922238655114103179753;1.4998810278134312E-11;26758971329529567527119336
494147;56831473451129833730601146192216764167;55038331464815356457580464539157695706;56831473451116454244938852881036299861;-7.4614758699576E-12;-13379485662293311180464306
494148;57050641496290167596894782316993946793;55074540637780470314877565879714405228;57050641496290169882873462160716647249;1.1568127557860199E-15;2285978679843722700456
494149;57168567497996398937100806229257213147;55074681124567015134080205142616520932;57168332372855817996042896853412992857;-1.1229126067421282E-4;-235125140580941057909375844220290
494150;57171856774631281553537034934419926266;55075018541817825400755513008241406876;57171856774631281553537034934068424731;-1.676340737684704E-28;-351501535
494151;57171932856376734337920582243052680446;55078549246227015415379913035184817619;57171932856376728696376698594294514981;-2.694940313994946E-15;-5641543883648758165465
494152;57211857297776390786523432958721772586;55079762891815030257430144714908237078;57211857297776390786523432958721772591;2.3451119171927577E-36;5
494153;57214422737152143762252977878164454241;55086776743132483786229096070881693668;57214399831489410042024131685829188271;-1.0765730200467069E-5;-22905662733720228846192335265970
494154;57223714701792447958089065640051244651;55147333130475336854692040407441025390;57223684160908802997783935967053847861;-1.470870482903935E-5;-30540883644960305129672997396790
494155;57258287275742837919971303326051943886;55203080873466356440119737249238212540;57258287275742837919971303326051943886;0.0;0
494156;57263578104056109018553017776656861601;55220683709916798266947647794996289311;57263578104056109018553017776661426931;2.2347361729011025E-30;4565330
494157;57381976484686276923265826704807446988;55229650450698386527579102974433305136;57381976484686276923265826631724274749;-3.395543755217672E-26;-73083172239
494158;57394094577872264862506427105920721731;55265334276161311633416544292051169346;57394094577872264862951292170877916536;2.0897846723261536E-19;444865064957194805
494159;57711561198917448824978031906064675506;55365446978553423762531667018252210641;57711561298076161957972294497820337641;4.226508337586765E-8;99158713132994262591755662135
494160;57848834562832209815698351904731581775;55400731104005279965098262139782320479;57848834562832209815731716857686541401;1.362889825373119E-20;33364952954959626
494161;57921048031328020437303332065272091141;55498147042888072881377507480943846541;57921048031328020437303332065272091141;0.0;0
494162;57923824318830131440291284315323662735;55576041183942582641501548172648356973;57923824318830392079622416096825550261;1.1101507939925861E-13;260639331131781501887526
494163;57946376101750968526637359258125162118;55773168613076981884459564876852262529;57946376101750968526637311112555361559;-2.2154152353825958E-23;-48145569800559
494164;58136955975324203760559726406107611997;55802374308614784220590081799672095595;58136955975324203761130636637765460387;2.4454498199779978E-19;570910231657848390
494165;58136955975326844322272951345154673959;55803455800493469403817354650350054562;58136955975326844318847490344773583981;-1.4679497509039985E-18;-3425461000381089978
494166;58136955992241541137592989539346141535;55808372179664671048984230214472837704;58136955992241541137592989539346141535;0.0;0
494167;58572291726206653743135031343855226643;55880364034491615685447266112644540517;58572291726206653743135223926134428879;7.154065831520943E-23;192582279202236
494168;58577102029594267532454003635394538669;55889508608402844632557769635008731970;58577102029594267533024913802089567291;2.1242430577238928E-19;570910166695028622
494169;58818031906327620542030055632750675504;55917957638785299047199555543676228523;58818042595683724477963529210955139292;3.685890469623961E-6;10689356103935933473578204463788
494170;58951284559566338590519749019514398184;55939945358167537295810138607277977367;58951284559566338693093275635721207270;3.4062428625961575E-17;102573526616206809086
494171;59075643538178826933845132409834415420;55943952335785621273296675986286761617;59075643538178826933845132409834456923;1.3252583769524863E-32;41503
494172;59263078156164031159778511031338645149;55966048646111008504524626957717877046;59263078156164031159778511031338645149;0.0;0
494173;59275523093311821949707359686136097743;56153832407966082944368243542414793854;59275523093311821949709702770533058435;7.505818587215942E-22;2343084396960692
494174;59275808032731965750186398145011111967;56153836529135767234777034099177951895;59275808032731965706226315309493908073;-1.40808725463636E-17;-43960082835517203894
494175;59276581450372049479139363210429729040;56469119903084205724388122168905932594;59276581450372049479139363210429729040;0.0;0
494176;59276714343848106022661499714195976895;56469184038939858514312966019776567216;59276714343848104894352706935921076949;-4.0188659435152526E-16;-1128308792778274899946
494177;59298587766443591709394149684509984033;56474005256399384238405722569183811769;59298587766443504829617105757342688191;-3.075844898670261E-14;-86879777043927167295842
494178;59366082845265981381727715512951937385;56474059621104527533558872256209710733;59366082845265981381727715512951937385;0.0;0
494179;59624321246753763369057676108815347625;56478002483679804370561109680330351657;59587870702123503244885443691891192555;-0.011585140405369442;-36450544630260124172232416924155070
494180;59767277132433061552838672292042502873;56505064780821636479905826086087551549;59767277132433061552838672292042502873;0.0;0
494181;59801153488459193474772609918578985013;56507587935831764807552039337226927329;59801153488459193474767666973412794289;-1.5007884577392149E-21;-4942945166190724
494182;59911516745740752205358870891546846577;56514056097282724967908916045324068229;59911516745740752205358870891546846577;0.0;0
494183;60126611803891375046531165728839988193;56523624396952902397195152796347403309;60126611645237434033750359860549445049;-4.4033998205836664E-8;-158653941012780805868290543144
494184;60653488652517752477846242365593809781;56524333199667731028736061325479361716;60653488652517752477846242352059888996;-3.2776486474149646E-27;-13533920785
494185;60659969669716396021018873829729861931;56541262707134672142591937388227490101;60659969669716396021019194800195198991;7.792991058918804E-23;320970465337060
494186;60703451454452181975838858379069223281;56541262707170491345417166353281492649;60703451454452181975838858379069223281;0.0;0
494187;60743605279584620547261150505790254431;56541744540840034893848208020212873077;60743605279584620547261150507196376071;3.3464260893618174E-28;1406121640
494188;60749965029602730286246970839739596501;56550674466494473318500269181566197541;60749965029602730286246972923963397391;4.963275985711468E-25;2084223800890
494189;60750140634533669927872118461642369036;56562750321659167595034131492039760815;60750140634533669927872118461642369036;0.0;0
494190;60789286707078114895196640880027827171;56568434159403970837842251138562222288;60789286707078114895196640880027827171;0.0;0
494191;60789913195674942508741684051950606171;56596062849899900030637702073477354799;60789913195674942508741684051950606171;0.0;0
494192;60793487867650487705413170733564478226;56613701676492661258406672122352974615;60793487867650487705413170733564478226;0.0;0
494193;60817269513364825691820607477297469711;56616044189167668993186105731477336657;60817269513391584663150137044824589201;6.36932543832153E-12;26758971329529567527119490
494194;60833402914310883533745003651190662381;56632282749707573121803618144002671495;60833402914310883533745003651190662381;0.0;0
494195;60834594518748902598078860161204836536;56777376698181425448062404703126331073;60834594518748902634712262524135839781;9.029192905843823E-18;36633402362931003245
494196;60840037741026894911964044738566337061;56832397533552301412986139731777828293;60840037741026917481958325444946907431;5.631741651511381E-15;22569994280706380570370
494197;60859689371395601183870229574443044296;57369091054984698832615978336693319159;60859689376091409693205971003199656475;1.3452732407675194E-9;4695808509335741428756612179
494198;60923949906964237735594489260359273571;57574209925952753947934525063818897986;60923949908252013230828099697601891616;3.8444043493929796E-10;1287775495233610437242618045
494199;61076657953494316454114654008044986277;57863476282521070662211943205796455805;60977314886077424390941229376555264276;-0.030917351581556195;-99343067416892063173424631489722001
494200;61105041177836402003976401094481786886;57864070680566449393852227116325249915;61105041177836396362432437202931521951;-1.7406958713890582E-15;-5641543963891550264935
494201;61292699461033781798603232030441272061;57864779345468884250077230963582293995;61292699461033781798578517304610318441;-7.209831325629011E-21;-24714725830953620
494202;61448480887487304998402613969201920441;57865239841134556017730068291654956383;61448480887486827159628872369781793310;-1.333537899237826E-13;-477838773741599420127131
494203;61654267942439503966691962170092983936;57865239844720635081871895748448302459;61654267942439503966691962170092983936;0.0;0
494204;61662682610195225741293647723859488209;57865239847275742209212431151988173177;61662682610195225741293646056480447497;-4.390794397201434E-25;-1667379040712
494205;61694159555313440378789441300968499731;57865262571897430671865221889194181741;61694159555313440378789441300968499731;0.0;0
494206;61738171156911318844371323698365850221;57885466837055114297523509965953432969;61738171156911318844371323698365850221;0.0;0
494207;61738172140571223382516964655680151681;57917818627169801552227382850055341424;61738172140571223382516964655684717011;1.1950019766456885E-30;4565330
494208;61738172140943013364269916399412864411;57921763165573195502641364822402501845;61738172140943013364269916399412864411;0.0;0
494209;61739345440453042704259732048645017011;57922494597055183647622358763766336105;61739345440453042704259896702325287321;4.313862056074768E-23;164653680270310
494210;61807912087329894692720896450958553473;57935563607586073586543186887395240316;61808852746572918500061862893809041313;2.4291699157355734E-4;940659243023807340966442850487840
494211;61951849596273667452049326333505125794;57936497599908803781510317426507253153;61951849596273667452063095966468085668;3.429246794658514E-21;13769632962959874
494212;62047428845952212875409239161010364167;57947164173943830877885836275799159058;62047428845952212875411774827686526941;6.184153655916948E-22;2535666676162774
494213;62053146187107744213558518135109782731;57949899477181613557143626722014361339;62053146187107744213580761388357640989;5.420891021261233E-21;22243253247858258
494214;62064596227914930500872538223215847289;57972044367414290303874774810173909497;62064596227914930500872538640060607467;1.018544845335222E-25;416844760178
494215;62082697497533788293477883742374664533;57973897282191395192371037504820221185;62082697497533788293477883742374664533;0.0;0
494216;62084116103820486038355873540004714753;57992231906946656423062730545245702195;62084116103820486038355937734097782165;1.5688150001032734E-23;64194093067412
494217;62085050726962763029223216375761290957;58026926343147207161436373794932537605;62085050726962763029223218043140331669;4.1087430620948243E-25;1667379040712
494218;62087865806281509699968315128689114021;58163320399209837276203761095546862105;62087865806281509699968315128689114021;0.0;0
494219;62087865812437163094336074405051284001;58168278426319406557181228258501023537;62087865812437163094345960295383665449;2.5221762799306155E-21;9885890332381448
494220;62087865818577263678671380616941360009;58193211544812766345450097627275581701;62087865818577263678671444811034427421;1.6482616570061616E-23;64194093067412
494221;62102268091243585204324779156980719073;58407151066223885364599705429377995823;62102268091243585204324779156980719073;0.0;0
494222;62115138305907790014708567728539699645;58560866352390381995715181342742326310;62115138305907790058668650564056903539;1.2368238393241988E-17;43960082835517203894
494223;62119618328483556555946351789011028617;58569458974137545229676313351897736936;62119618328483556555946351789011028617;0.0;0
494224;62125020990201934527923657166518112681;58579358758629131528699045270181772878;62125020991232154924110545516312207113;2.905579631960312E-10;1030220396186888349794094432
494225;62156899662990116018609009998038574957;58620472365601883967368588905360101201;62156899662990116018616135607331877457;2.0149175125316434E-21;7125609293302500
494226;62209060680765497459684694019671055855;58633173323088041362207260951071341950;62209060680765497459684694019671055855;0.0;0
494227;62227449343716397453241217679838001397;58651407759992643091024923986083600340;62227449343716397453241217679838001397;0.0;0
494228;62303282434009795442441091261926745165;58732384213334630279993133421738266103;62303282434023174928105856045549692681;3.746812381069508E-12;13379485664764783622947516
494229;62373386038138052698576016763688752265;58758876643681651565338570727103806191;62373386038138052698576016763688752277;3.319952638220967E-36;12
494230;62546581637501641320599207596459249269;59262118774766404547339394863421242173;62546581637538434906176957684297167590;1.120231438607563E-11;36793585577750087837918321
494231;62554192443211512249052973451783688471;59266475197098479610218453555096851007;62554192443211946647938193087620167681;1.3212781170072102E-13;434398885219635836479210
494232;62754109032009834900333496639688834435;59276359875417346408784728247794076690;62754109032009834900333496674877028476;1.011809433532507E-26;35188194041
494233;62915480636611144473035232641581825213;59285196757481417494163220622010940647;62915480636611137703182475971932425537;-1.864827374957949E-15;-6769852756669649399676
494234;63001514098289789470285928699876707402;59299812103554795107029856603102576701;63001514098289782136278775641089857753;-1.981252721988451E-15;-7334007153058786849649
494235;63001533938917515611983299835771831962;59299946556576153069575171251195969029;63001533938917515611983299835771831962;0.0;0
494236;63039154471371493633236361228886594701;59330328625617664136507972064816246841;63039108660046026195633217837079046331;-1.2351975361659592E-5;-45811325467437603143391807548370
494237;63064992824019167255203310325006696961;59331752152198566333828119522415376765;63062170846370372923009331041115794633;-7.559056318268732E-4;-2821977648794332193979283890902328
494238;63349753180985953283120510295030605219;59334642428615588372072417818392487485;63349753180985953281027526084660704371;-5.21276831313877E-19;-2092984210369900848
494239;63444206082059319557940418104769755099;59403242261894688500276216477991943085;63445499488481683626862658609886419513;3.2007374476106416E-4;1293406422364068922240505116664414
494240;63503669365403768426406029028238252445;59547181679354521426228315187701385385;63503669365403768426406029028238252445;0.0;0
494241;63509451867124517465816108151471274087;59548115825503858890775546837544082445;63509451867124517465816108151471274087;0.0;0
494242;63575318979966803870233256082573124611;59620524135762425069055174166173034525;63575318979966803870233253164659803365;-7.378166090011232E-25;-2917913321246
494243;63577904853640108990868480695933267669;59764949919238848803681683691448889165;63632937683055547364120904276718945792;0.014433118240900494;55032829415438373252423580785678123
494244;63632937683055547364120904276712554330;59946515314725016290792111000139631329;63763119582493362101681577599931399955;0.035313886047401065;130181899437814737560673323218845625
494245;63763119582493362101015965097438671780;59955995553993617363920531812442786108;63770346532895968258422986012263283302;0.0018982702818468584;7226950402606157407020914824611522
494246;63770346532896576416862293502434354196;60011001213377405134212921252840873175;63848538225073143850139204383222075183;0.02079928432500804;78191692176567433276910880787720987
494247;63848538225073143850139204383222075183;60038881986447093972240625159841819227;64004635465154874038296901451060627901;0.04097410115355357;156097240081730188157697067838552718
494248;64004635465154874038296901386097808133;60038883359466143811763007123258406274;64118870345238643545378904498749578701;0.028805350672298363;114234880083769507082003112651770568
494249;64118870345238643545378901997681017633;60038964283017320831122362424381119898;64139928861779893839779253026823743658;0.005161519951708126;21058516541250294400351029142726025
494250;64139928861779893839779253026823743658;60061851364841150279998356277643675921;64147402747908056325470350736432981698;0.0018326984059946986;7473886128162485691097709609238040
494251;64147402609085857938621083740534556388;60199043706289361275565321495008756564;64182722314222811002753859612901353881;0.008945414033141022;35319705136953064132775872366797493
494252;64182722314223245401639159504888088141;60286948413117748562208060848719137337;64220612875877115281250068646617034587;0.009726067943295617;37890561653869879610909141728946446
494253;64220612875877115281250068646617033509;60369612104356058625949703545182681163;64421450157821048678326496554216581391;0.05215197136005956;200837281943933397076427907599547882
494254;64421450157821048678326496554216581391;60651947290148293149882798511023692118;64544976455956168645088830032636279631;0.03276991753859139;123526298135119966762333478419698240
494255;64544976455956168645088830032108984016;60725784297546060462967202710692606628;64836709457642925921682911586028645201;0.07638604961113107;291733001686757276594081553919661185
494256;64836709457642925921682904916512482353;60733323017455297014747138335287388794;64840498377602554009759862925693281841;9.233641566195844E-4;3788919959628088076958009180799488
494257;64840498377602554009759862925693281841;60762861727748696525846344976521142566;64847782480800421355793088089050103857;0.001786354161332253;7284103197867346033225163356822016
494258;64847782480800421355793088002433010833;60787516626210767880223760850889556686;64889621979493443040973203857554269899;0.010304620483342746;41839498693021685180115855121259066
494259;64889621979493443041734417407734073081;60805653348390712241974258394989268604;64939071505188969165642509653519676505;0.012108204093177385;49449525695526123908092245785603424
494260;64939071503155287344598262521458606969;60844075649353837478301770844590535689;64972314559350608950372890737627677424;0.008117970660327175;33243056195321605774628216169070455
494261;64979558217002561791848885035826022073;61015991429036332045839476457591597088;64979558217002561733235441255136416889;-1.4788055031303034E-17;-58613443780689605184
494262;64996647787057307536699943085252595729;61104400924161182794908662867844930926;64996647787057307536699943085252595729;0.0;0
494263;65019893640656706415105902493837996137;61152029016499919945457339797432981126;65019188146244507832057439353067044083;-1.8239894121226756E-4;-705494412198583048463140770952054
494264;65034026294196193979567011785875757893;61378955423510354913159004455442793256;65034026294711304177660455960772805111;1.4093029008676613E-10;515110198093444174897047218
494265;65124364959302096722678020673003777759;61421285788689593615036834964735843101;65124364919638614854409197540755841811;-1.0710946226328813E-8;-39663481868268823132247935948
494266;65201209483460178176543397538628012105;61421872600872359784800779894921666256;65201209483460178176543397538628925171;2.4159423421782873E-31;913066
494267;65288274673384437647485003272766070737;61474802227682242776634743277214705871;65288274673384437649007430427261360241;3.992233262917826E-19;1522427154495289504
494268;65558893434352160009885944308447768873;61508060007257924925705943455965812621;65558893434352160009885944308447768873;0.0;0
494269;65635110435513259172199371369233887065;61739375347949095009471385050221575451;65634169776296994394801378274603586289;-2.4145872219790261E-4;-940659216264777397993094630300776
494270;65848614698755370723045775271808630025;61828892837404008995212310231771515701;65848614698755370723045775271804977761;-9.085862470027146E-31;-3652264
494271;65849557587529127321614853085569896049;61919292079704698282596660799511694361;65849557587529127321614853085303280777;-6.783645315290239E-29;-266615272
494272;65997265010179408968060339422037805777;62050342877285513354868111744995108869;65997265010180104006276690839376172513;1.760962575265738E-13;695038216351417338366736
494273;65999133504707196678821984116454648473;62055062514444818956584095221828019460;65999133504707196678821984094800375217;-5.490335571916128E-27;-21654273256
494274;66190304424610657313395713955952115299;62064267521418496745233351645185376179;66188306198055343965743403570097534512;-4.8429682094394124E-4;-1998226555313347652310385854580787
494275;66237424626185032945938648956133925615;62064476941011430247021241487179761182;66237424626185032945938648956766680353;1.5163255946106502E-28;632754738
494276;66247004926026108611503862072706833189;62064705877711788872533702639028123194;66247004926019418868671479680825088929;-1.5995371816079726E-12;-6689742832382391881744260
494277;66265628764264275392913741081704726423;62110321921471730702688610802390902058;66265628764264275392913741065464021481;-3.9084249506555204E-27;-16240704942
494278;66266301092269288737088595511078045249;62110321921471730702688610802390902058;66266301092269288737091066983661140611;5.946787703993884E-22;2471472583095362
494279;66266991276770264489169192896426253835;62131758824731777354819931807422781437;66266991276776954232001575705152793847;1.6177428741847537E-12;6689742832382808726540012
494280;66338989750226458283581975338678643063;62156789956030182392794534314874378873;66338989750226458283581975338678643063;0.0;0
494281;66339638880108999992646215461254145737;62157542211931870140832143670979104687;66339638880108999992646215461254145737;0.0;0
494282;66339638880108999992646215461254145737;62158229627102595448012970736527412913;66339638880108999992646215461254145737;0.0;0
494283;66340389786066896526254170458716857693;62246016318440805087465984253976779399;66340389786066896526254170458716857693;0.0;0
494284;66475831754469169378990260591622823815;62260711784033944618564614467778199149;66475831695746737116003238689680185285;-1.3931378626199279E-8;-58722432262987021901942638530
494285;66580450754614252022251340467297608417;62282579450840218575251822033052391131;66580450754614252028341048912044581617;1.416912702667364E-18;6089708444746973200
494286;66875936396835949587962764746915713393;62338123126046869457627951235481543241;66875936396835961545105296008157629841;2.6350010054913553E-15;11957142531261241916448
494287;66996500074243716419942923104239305765;62373252752908024469385576453422058561;66996500074243716419942923104239305765;0.0;0
494288;67000073510689423937394584809414065541;62743863280254914894127651444556563257;67000050605076863288408605514080247881;-5.3816920031016875E-6;-22905612560648985979295333817660
494289;67007787856940060003947529130211309009;62846670036334425222811667359416836909;67007787856940060003947529130211344583;8.549145093618699E-33;35574
494290;67461769316770478304678673351300802302;62868488403191483207767388067827182543;67461769316770478304678673351617179671;6.887829744196614E-29;316377369
494291;67622593860977576802672736207337129944;62921573394184603124964113604010800235;67622593860977576802672736207337129944;0.0;0
494292;67631399835552472443569519355740181661;62930057522356972165012567615042409215;67631399835619375513437307220068162871;1.4230631468805741E-11;66903069867787864327981210
494293;67637279864391286561070573656127494721;63445284076862486204681170623535877552;67637279864391286561070894626592831781;7.656745893971269E-23;320970465337060
494294;67644829023773237239566750531755011621;63450454232007010258419862065925680365;67644829023773237239566750533864194081;5.028597978751048E-28;2109182460
494295;67679867464260969388636303196522399403;63472295185363409063817783571836846846;67679867464260969387875089640929027907;-1.8091514658253703E-19;-761213555593371496
494296;67695846127466185114184172371079208567;63477229365967911769476423617830949907;67695846127466185114184172371079208567;0.0;0
494297;67697530052532748816116462584373565545;63513545447272990162653843167229291954;67697530056653804160418103837884534973;9.849594903195848E-10;4121055344301641253510969428
494298;67715413749398455981914917310479397903;63572208805476059692139631747932331974;67715413749398455981914917353928556579;1.0486847564645554E-26;43449158676
494299;67879033417297228473157413332831724797;63723472836261427502132764516262845623;67879033417337366930151707684122403801;9.65897529624982E-12;40138456994294351290679004
494300;68046110712910443161057745043875717322;63723516454215242103844124755931465439;68021740936259195218009839853610317537;-0.005637766395082405;-24369776651247943047905190265399785
494301;68095864708370719284523177632618454251;63763055327741503618362815981569651208;68095864708370719284523177632618454251;0.0;0
494302;68166602455563970937300776426676637041;64018599234204948756313419135740702581;68127581574121739271021588526189976932;-0.009407148297596342;-39020881442231666279187900486660109
494303;68547549888672964630128458655302183056;64020012175041733794027767472888293725;68547549888672964630128458655302183056;0.0;0
494304;68581337814167032734823511829962500968;64048215280542393201341591047558934353;68581337814167032734814974034532024271;-1.8834248064435093E-21;-8537795430476697
494305;68801374612212712489000495955961812881;64137534014897913325183762710059527424;68801374612212712489000495955961812881;0.0;0
494306;68813194305100859438324791920889285751;64167783332958250828638606365962246510;68813194305100859438324794005113086641;4.48662952188424E-25;2084223800890
494307;68893304209228641401223065795212742251;64196347229046005751846522975884641915;68893304209228641401223065795212742251;0.0;0
494308;68893857731409460350106663003542426850;64200816532269909331173318803820133370;68893889799337287558427049131768459831;6.833080398503179E-6;32067927827208320386128226032981
494309;68971389326824408713949132897031553848;64200816532555369868504760203717425903;68971389326824408713949132897031553848;0.0;0
494310;69020097745848479931456284062140839089;64200816957868809177092020415336456123;69020097745848479931456284062140839089;0.0;0
494311;69040782936481024123429700971393434693;64201638265865913254281855677713081268;69040782947813448481485472819128473489;2.3418238406613477E-9;11332424358055771847735038796
494312;69071784170347420366350500819709515651;64247184237963549174746037942911180752;69071784170347420366350500819709515651;0.0;0
494313;69148163130062329858889162691350012106;64248553060697873539444484268338693530;69148163130062329857842494052409126299;-2.136228442923117E-19;-1046668638940885807
494314;69156009241356904054420447622967661528;64248557631200726235883192946354141590;69151070780471513973080983876896796315;-0.001006318814263951;-4938460885390081339463746070865213
494315;69271704606871029058898479027191069261;64343337315855238246699218056904504373;69271704606871040341986410978387670541;2.2894170149452532E-15;11283087931951196601280
494316;69531561306258192046310210075943242851;64343584370988631451472344064772273177;69531561306258192046310210075943242851;0.0;0
494317;70225519154264234657048907037436591317;64345966538237927903394395218441814473;70225519154264234657048907037436592164;1.440585798469212E-34;847
494318;70413184674384301155190506341136035375;64357212928288479174225778029528069979;70413184674384301184497228231410520031;4.83930954750045E-18;29306721890274484656
494319;70414574680768493256233485615456962049;64436958070068764145902773134422529592;70414574680768496641159863950703498379;5.662668917702659E-16;3384926378335246536330
494320;70449870219997123275655618633569371145;64523042333388873908451241392341625061;70449870140670152769265215699424099881;-1.3384389090432471E-8;-79326970506390402934145271264
494321;70523267588133446873925284479748342413;64550389364093739702903287337824193991;70523267588133446829964816479672734047;-7.36001410896727E-18;-43960468000075608366
494322;70524713797089149258807924908687746397;64725945728395464819242560911916957671;70524713797089149214847842073381460749;-7.580934832113293E-18;-43960082835306285648
494323;70575024032160968052296390693615306689;64853183303810227337392358216751012825;70575033194425540261725666024390398203;1.6012792049264808E-6;9162264572209429275330775091514
494324;70576143730879172535207791441258422429;64915517553713099346629044886809265785;70576143730879172535207791441258422429;0.0;0
494325;70612415657879384807888644533300358262;64943242370927631220167698711822891205;70612415657879384888482129731748565401;1.4216091327450386E-17;80593485198448207139
494326;70684934687944099802636140335668268709;64943935377649017620447158773012721155;70684934687944099802636140335668304283;6.196482193649929E-33;35574
494327;70714577308087497585648075391215598491;64962984981559107850334498291390349918;70714577308087497585648075390442229895;-1.3446165028646919E-28;-773368596
494328;70766652057558477340011481747894981204;64983210245715232589263218150983226993;70766652057558477340011850863930118892;6.382290116273286E-23;369116035137688
494329;70847785168008065992100990059616371045;65839975885271913181502750352200081590;70847785168008065992100990060038207537;8.423573426692443E-29;421836492
494330;71208515972652404020711710656602094969;66024286800941214919902184834369714065;71208515972652756053816271033964249617;6.790461858463323E-14;352033104560377362154648
494331;71295052652607976507440855630284030269;66151466951492625155127700088431292480;71295052652607976507440855629440357285;-1.6402428831253948E-28;-843672984
494332;71336032726543338893850946418620939129;66231001624735502039739900977309537260;71336032726543338893850946418620939129;0.0;0
494333;71428195704293894315874621009420741061;66231404646953992811949062479861064077;71428195704293894315874622078600483076;2.0573845094366456E-25;1069179742015
494334;71716992334295853661881576474028793629;66233493761684726088030453601527744328;71716992334255715204887282122738114625;-7.319862759658067E-12;-40138456994294351290679004
494335;71824170859456033666467547556874964789;66242280490691843948102570336812585819;71824170859456033666467547556874964789;0.0;0
494336;71934685606407281555173752125165112149;66284981167583763127352282438123840671;71934685606407281555173752125165112149;0.0;0
494337;71961127922475556954295700849909961249;66317095679303847849617445609109593880;71961127922475556954295700849909961249;0.0;0
494338;72042859595673911354599496744766908473;66391846977943983948898450767958595815;72042859595673877505335713493964139745;-5.989946594181985E-15;-33849263783250802768728
494339;72283137753359989574542262990606493052;66719997426033024367972886792071642249;72283137753360554293093048517193916025;1.0151075068366439E-13;564718550785526587422973
494340;72584822808976600337865371936202105781;66870177592427074437111742699822444385;72584822808976600337865372001164925549;1.136777827954545E-26;64962819768
494341;72669678313736039164577671415163826903;66873981799119180068238715664762986801;72669678313736039164566838661958701128;-1.869102907270138E-21;-10832753205125775
494342;73075987748162222456631880843070659636;66954836112129541853298364096816848944;73075987748162222456631880843070659636;0.0;0
494343;73079066617144156432040462420521986790;67043871474404976521125147146946570231;73079066617144156432051584047145915919;1.8427948659306123E-21;11121626623929129
494344;73157376686762517140295634323705143956;67627871673349914071551028745517982371;73157376686762517273043371582424813033;2.400716464434359E-17;132747737258719669077
494345;73162491379924498305878574439703775097;67851340609174988552033096486130682626;73162491379923716387885179119559169932;-1.4722195379984965E-13;-781917993395320144605165
494346;73219312218819568835154913869707499968;67900083562116942816495265569978480031;73219312218819568835154913850760010869;-3.5620745641616194E-27;-18947489099
494347;73267144676523086886444004017055639759;67985326363739935964975783571740052091;73267144676523086886444004017301711046;4.6588366435182724E-29;246071287
494348;73268695033798317866914931870559806609;67985445596065385869289367981935776611;73268695033798317864916746306074695531;-3.7821147534963674E-19;-1998185564485111078
494349;73276145206664230738260940989363849909;68322548644512081773699682531557935789;73276145206664230738260940989363849909;0.0;0
494350;73318078805658116088119477615900300995;68325264384205582125559019630835481311;73318078805658116417820098882279330200;6.603502422396482E-17;329700621266379029205
494351;73325444161114144351976135951378831371;68367952331590203408900120840605717238;73325444161114144351976135951378831371;0.0;0
494352;73325445760495726480981300274735169697;68589492367353382951603591895143934962;73325445760495726480981589148153973051;6.099583226930452E-23;288873418803354
494353;73396261386167647259786485789465770202;69329204714782982883567507873219605416;73396261386167647259786478494685662818;-1.793626373271172E-24;-7294780107384
494354;74594769905946006625896573811514561431;69462755647152369415411262411554099997;74594769905946006625896573812041857046;1.0274632696050796E-28;527295615
494355;74606631402417941357505428454930241609;69468560061082586825237723906644265775;74606631402417941357505621053450148787;3.7484594337517076E-23;192598519907178
494356;74687635307833895534751585146000309931;69524476115517662867460794740415726761;74687635208675182401763581478318720466;-1.9205046646742E-8;-99158713132988003667681589465
494357;74812628045530749451909025231211565261;69725004990743865229832891348821007636;74812628045530749451909025231211565261;0.0;0
494358;74866431950740716247347743086224928801;69782953890746638342365453687556183608;74866431950740716247347743167428453511;1.5974009084263578E-26;81203524710
494359;74866431958346177430788996662071276601;69915101193785070187893020890975296361;74866431958346177430788996662071276601;0.0;0
494360;74866431997395172990955701330134586711;70016626709093102881130100282696923037;74866431997395172990955701330107194731;-5.648057678948593E-30;-27391980
494361;74866432081979322485651320799268610891;70415063098440615075346778796974889613;74866432081979322485651320799268610891;0.0;0
494362;75005653793448946415058457513581131491;70416972193807418185891845985229168445;75005653793448946415058457513581131491;0.0;0
494363;75291373127232959748500916372148532041;70637605962328462027708815343483119217;75291373127232959748500916372648434536;1.0741888824389838E-28;499902495
494364;75291376623733721684153547908793825031;70852054545281816586066695964369732469;75291376623733721684153547868192062676;-9.145937518721052E-27;-40601762355
494365;75410310554275197714770648234432474191;71365605609889139867455428990899562041;75410310673265653474356252635650381549;2.9418822236895468E-8;118990455759585604401217907358
494366;75440141350483294522961472893847834751;71579134799161743688213625272728684193;75440141350483309757699271150686612821;3.94579434034948E-15;15234737798256838778070
494367;75554215597305812547383532660471310801;72173863799926631153081151010240428649;75554215597256240300572819152742183291;-1.4664818865642133E-11;-49572246810713507729127510
494368;75695222878468771252569797078991291916;72423896121431247844605426237346887313;75695222878468771252569790826319889246;-1.9113564211275394E-24;-6252671402670
494369;75864541444778947998060869122900739416;72601620636146772967513133551935883666;75857486500656962167575920913173483596;-0.0021621560974822685;-7054944121985830484948209727255820
494370;76136617226922557381097125549491223801;72722793116172531067417171788724477226;76136617226922904900966513146374737953;1.0179782499434215E-13;347519869387596883514152
494371;76148845168345780301967703617564387857;72778256003454235979393192422266464571;76148845168345780301967703617564387857;0.0;0
494372;76686899419753820416107908095018261937;73097977889121101450235045143750232943;76686899419753820416107908100431830251;1.5084108882830882E-27;5413568314
494373;76822228066640676492264021947858536309;73202014713279683458050878937234769627;76822228072059368186493759372100201849;1.496787941848522E-9;5418691694229737424241665540
494374;76905979481215477457340527404029000599;73274686629758415444652777018241588549;76905979481215477457340527404029000599;0.0;0
494375;77170396715233227161629950905814837377;73330532406781187111861719435268397916;77170396715233227161629950905814837377;0.0;0
494376;77404635013213692447347338286311072107;73353737481594727441561146707102980693;77404635013213692447347338286310159041;-2.253984438937629E-31;-913066
494377;77409132455381412984604864736792331938;73654574532076719109135310147822167639;77409132455381412984604864736792331938;0.0;0
494378;77687185270044107538759735251912810668;73716437857534112615620564952747009121;77687185270007313953181632096563021581;-9.266161192269124E-12;-36793585578103155349789087
494379;77699170345885523068220637097224226955;73716438138953562066570096788648635967;77699170345828660378677947283238198822;-1.4277306780435824E-11;-56862689542689813986028133
494380;77705244239550012096717300486916634507;74051426461957971622937479964300752825;77705244239552227531031920630877881872;6.063341002408095E-13;2215434314620143961247365
494381;77707216834634514369565950239252778078;74624782273921665975945562374753348946;77707190874883416153306590040212656141;-8.421833647041892E-6;-25959751098216259360199040121937
494382;78082860898318181537553585678243731369;74649382829034397730547643587547812970;78082860898318181537544935524202897602;-2.5193561357560005E-21;-8650154040833767
494383;78130411960391334157596436780520737116;74728278738868256775105972858144430361;78130412357025103842808005573722205666;1.165838442704032E-7;396633769685211568793201468550
494384;78148675253477356688954756012881593693;74776944408447358718437854131131860351;78148675253477964847394064962009325210;1.8036980626890412E-13;608158439308949127731517
494385;78212928559106450289648984694235967189;74777019361979035592471327162082677741;78212928559106450289648986153192627812;4.246202611648637E-25;1458956660623
494386;78212930648680112066172569945945997056;74871023802784175862279410813190370371;78212930787502310452355775080700222307;4.15398168733115E-8;138822198386183205134754225251
494387;78213077825396082751810609540980055992;75094354503735221886846658489747322806;78213077825396082751810721880642923963;3.602104171528273E-23;112339662867971
494388;78457310233729250632727943678131070625;75196793287524949588711361371981679808;78312448714424474913437007105627199777;-0.04442900365029995;-144861519304775719290936572503870848
494389;78817483820186460457820872776649912149;75590552745149825970321350129497077301;78817483820186460457820873198908240639;1.3085446161418437E-25;422258328490
494390;78890418981396707291184787191313807881;75590614628441323886768729088442339251;78890418981396708419493579969588707519;3.4193202750573216E-16;1128308792778274899638
494391;78948982236532124179732703764047231292;75591055709676707615224319954736323081;78948982236532124179732703812769346118;1.4509583350421485E-26;48722114826
494392;78976741699293558405027498408347388045;75603577298738230807039661399528774791;78976741699293558405027496115701207066;-6.796722331711906E-25;-2292646180979
494393;79028310820028386275572649627526232254;75865758254682052846490823398932314821;79028310831678573418166585089645813165;3.683792411943077E-9;11650187142593935462119580911
494394;79320759014870838605952168664907408905;75865801694118742746857661356862683281;79320759014790561691963579961904214405;-2.323528383589802E-11;-80276913988588703003194500
494395;79320848282277795947758409016673358653;76039721395129905377056987356906681441;79320848282277795947758409016673358653;0.0;0
494396;80085548045835957580117336895610247009;76134991829922253504306465106017764657;80085548045835957580139580148858105267;5.630410512387488E-21;22243253247858258
494397;80750529357350203316573028219859440001;76354177480594495504423803793720514193;80750529357350203316573028219859440001;0.0;0
494398;81566516796223025672631486882165512081;76359736230645255232673229549053117305;80879665162525825054274634492084564115;-0.13191484162747394;-686851633697200618356852390080947966
494399;81645117599647440655270455771673249601;76426897947508687583990383858265724225;81003497682118342554726200171259386576;-0.12295762928762917;-641619917529098100544255600413863025
494400;81660201173179232856038003506617122181;76427317439899295103267031444830019777;81107460377571164997567372339019725833;-0.10562833492606828;-552740795608067858470631167597396348
494401;81756360430769658388003020238672817610;76495986055078893770528809059223229873;81116771247656413837427826755149460074;-0.1215862479425254;-639589183113244550575193483523357536
494402;81785326272538849470409810860573345409;76502520662700793650145617354759549161;81566516796223025672631486882165630661;-0.0414191799729181;-218809476315823797778323978407714748
494403;81842560774009007595572740992031991411;76502522241073152395567213641072219313;81645117599647440655290227552338012497;-0.03697411041957712;-197443174361566940282513439693978914
494404;81928304513769317097903576354051643571;76600424417901011734142059394085667969;81660201173179232856989520451108836541;-0.050320828503253014;-268103340590084240914055902942807030
494405;81928305507689757238835728153306663421;76641934011846096150215537809036619065;81756389067806022053078939837865216920;-0.03252068834339437;-171916439883735185756788315441446501
494406;81935794783051630924939915444834847257;76645503728067068118160903430291860641;81785326272538849470409810860573347265;-0.028442387942154635;-150468510512781454530104584261499992
494407;82423772205233899975323664296851736806;76696426270389521886651057385311258645;81842560774009007595572740992031990641;-0.10148006386149694;-581211431224892379750923304819746165
494408;82425998356209623486754322382434256263;76740486473502822509993367461292167284;81928304513766738985578882721767273451;-0.08753720908695713;-497693842442884501175439660666982812
494409;82430445115078423933892647802999039516;76789433930776750778853775729507663173;81928305507689757238873121212518433991;-0.08901588580183412;-502139607388666695019526590480605525
494410;82704302135684884236149211638367119931;76795577387881943870025975471809760065;81935794783051630924939918779592928681;-0.13006314990709458;-768507352633253311209292858774191250
494411;82962116200025027249369441898406410301;76861876913971344364529843795855648753;82423772205233899975323676176927401879;-0.08824965211149748;-538343994791127274045765721479008422
494412;83034556119807896119296319366691164196;77389780904294907820257413399791573683;82425998356400281157477220653254871719;-0.10780903404889794;-608557763407614961819098713436292477
494413;83096211226417291800738786493980473321;77512451173949810966508357969708013094;82430445115077772335564818349244320701;-0.11923257895820853;-665766111339519465173968144736152620
494414;83279010357786278984181445028668905508;77731474428887126993713321511380952534;82704302135684884273258372473543980361;-0.10359702568261497;-574708222101394710923072555124925147
494415;83282204407377706924853105531467210458;77871078163362025366040081800995965569;82962116061203132942405890508737720497;-0.059153738379060884;-320088346174573982447215022729489961
494416;83282215219650143357772124832102952290;77871258191882142883968036336896635145;83034556258630094505479749180771125389;-0.045769899806838286;-247658961020048852292375651331826901
494417;83560932084369524968968095433314038084;77871361351893561188407468230174151118;83096211226417299698900335942150844230;-0.08167942359862182;-464720857952225270067759491163193854
494418;83599965473888594122685979001373152515;78082138308386507153980140849725339141;83279010080141882211815034759163650737;-0.058166989309370115;-320955393746711910870944242209501778
494419;83940862400391254477995610034055386055;78091537962026728094562331110342139166;83282204407354292824939767159880981039;-0.11260411351385438;-658657993036961653055842874174405016
494420;83941052315125674977802415538753679571;78379254311953027628170460476595768131;83282215219650143357772124832102952290;-0.11845757345011587;-658837095475531620030290706650727281
494421;83941180158856966420915636608173028736;78886224534977682579062430332515977937;83560964157706009257269627890479139378;-0.07521648644250037;-380216001150957163646008717693889358
494422;84049507622642524756009289663362243793;79108105846835407191789344442197387254;83599965473888594122686092800238752396;-0.09097461998635062;-449542148753930633323196863123491397
494423;84162331424723500105901594125655591533;79111965407710800850079995461300794341;83940862400391254477995610034055386055;-0.04385207400536981;-221469024332245627905984091600205478
494424;84441273664019028531792986360909177857;79340491928221676874771468890980205461;83941052315125674977802415538753679571;-0.09806758548063207;-500221348893353553990570822155498286
494425;84856939928736872661457101647730897009;80344342403378994373832431382075163125;83941180158856966420915636608173028715;-0.2029340672935995;-915759769879906240541465039557868294
494426;85189529560342218658978890147511199446;82778007403185693198615287140399592401;84050330699456452357012879876078221525;-0.47239825580911055;-1139198860885766301966010271432977921
494427;86584627820737874968040530053962325141;82962039709958754927875595929335741119;84167312642845993131668239377258190489;-0.6672895465810997;-2417315177891881836372290676704134652
494428;87149806311077813370330599609843660465;82962530273709398129800283379396694705;84441273664018896523375147387634538817;-0.6468483622496388;-2708532647058916846955452222209121648
494429;87475583449613881084922788324726420555;82976607954064295990923160187178499113;84856939931567589557102336612564021053;-0.5820532964975405;-2618643518046291527820451712162399502
494430;87867638684323117832637927036644095329;83017682380811178774282946951382065357;85189529560342218658978890147511199446;-0.5521924232681505;-2678109123980899173659036889132895883
494431;87910882938453736444858788187577177836;83069128743495001298462853258270840691;86584627820737874968040525322503618705;-0.2739203735490675;-1326255117715861476818262865073559131
494432;87924994645519745625336172505347594216;83086802510181116908008612879602738707;87149806945693577421453823083005834273;-0.16022259516403273;-775187699826168203882349422341759943
494433;87941878337539859859475350046752885657;83133310180343967007735549080339550909;87475583449613881260763119699276646015;-0.09697167070995569;-466294887925978598712230347476239642
494434;87963822722426726601705848127381845566;83227079675918156167863219136100630729;87867638684323117832637927036644095329;-0.020305943801301515;-96184038103608769067921090737750237
494435;88051936914401869470777993323875617625;83349173178742100506698877880601126455;87910882938453736444858788187577177836;-0.02999384699651385;-141053975948133025919205136298439789
494436;88057534509705465444251899953596035726;83666850801971935447665367073087411993;87924994645519745629617998755560308881;-0.030186611700649433;-132539864185719814633901198035726845
494437;88057776137647993237950398788608859966;83750538421153277964651948133435846510;87941878337539859859475353381510967081;-0.026907686024455712;-115897800108133378475045407097892885
494438;88060822555920929363676618053453473036;84702247442441405562860249801643220825;87956767778304740771220899958256352101;-0.030981822380142215;-104054777616188592455718095197120935
494439;88176226034613871385341821095457168497;85061609820924622491297057614973245761;88051936914401869470777993323875617625;-0.039905115649796874;-124289120212001914563827771581550872
494440;89026482570664165122440523699695490001;85074057057868170064037887677736767892;88057534513568791929952731265323889861;-0.24515276858688406;-968948057095373192487792434371600140
494441;89177278428688672599325496103529046401;85464549462025236919477351105735837234;88057776137647993237968934832982075181;-0.30153084189357254;-1119502291040679361356561270546971220
494442;89185494120186352311080246726327905611;85750964504137896071378400739635322914;88060822555920929473576825142246482771;-0.3274601444722424;-1124671564265422837503421584081422840
494443;89942563963943889335576818178292920389;87360574658075028799846737797456127521;88176226034613871385341821095464473025;-0.6840996302018497;-1766337929330017950234997082828447364
494444;90066396483623373491628447495881771864;87364434798717550701664559744048522897;89026482570664165123962950810882232993;-0.3848736711436582;-1039913912959208367665496684999538871
494445;90170359179076195935706591656293145761;88223181001504776499343819160777296800;89177278428688672599325496103529046401;-0.5100102095567465;-993080750387523336381095552764099360
494446;90179670049161444775567046107611074043;88231400520129409864146422492691633047;89185494120186352311080246726327905611;-0.5102866488237036;-994175928975092464486799381283168432
494447;90627654429061379695708172347005797501;88732077335343160837519920475190610265;90627654429061379695708172347005797501;0.0;0
494448;91443997574179786479536844687660249961;89544579477269313839647405795708871638;91443997574199595068702860081803701937;1.0428767209407637E-11;19808589166015394143451976
494449;91654913537754688841426797456542759139;89544603510215071985331379386132086962;91654913537754688841426797456542759139;0.0;0
494450;91767892693050861686090206959250485253;89576626279280799345025804852533909771;91767892693050861686090206975491190195;7.411561113674878E-27;16240704942
494451;92467761720022801486981503421173858553;90659509137793691165635139251359922741;92467761720022801486981696003453060789;1.0650186876262142E-22;192582279202236
494452;92990441210341331979156937309422752411;91334655001909017203430764647756218769;92990441210341331979156937309422752411;0.0;0
494453;93471225256805264812734591957709080446;91582703539614467335213226566340354361;93471225256805264812734591957709080446;0.0;0
494454;93935933923736959024023969819331825589;92035394415117124981568530819127994186;93935933923736959024023973779357047280;2.0836321495714437E-24;3960025221691
494455;94311258811670376841377718491766225649;92070933342100143235185679798346257416;94311258811670376841377718491766225649;0.0;0
494456;94458704891645343874152030334626127525;92118546820860905204458874862139420441;94458704891645343874152030334626127525;0.0;0
494457;95515644407742702923899901553035752581;92740244785180429044378298559323136719;95516585066958963188062723534566453573;3.389274858342162E-4;940659216260264162821981530700992
494458;95678127575483208678839312019415115403;92797003522087633768340551524273406611;95678127575483208678839312436259875581;1.4468129537383987E-25;416844760178
494459;95782458388228277744240904764544650851;92850515159227144187857442446084302805;95782458388278450815483772703657999606;1.7112565736806953E-11;50173071242867939113348755
494460;96053493539224315660194820355643982111;92862146176716528056890040426435395679;96053493539224315696828222718574985356;1.1478976808762104E-17;36633402362931003245
494461;96075173371455379855404546587992839721;92926095528380612221049551550699453574;96075173371455379855404546587999687716;2.1746032779277378E-30;6847995
494462;96903330136736583447168593673459514395;93112212541986714546059718132950177799;96903330136736583447168593673460427461;2.4084349197304244E-31;913066
494463;97175458730271148257610743910336661421;93428745611213319659458986890251632179;97175458730271148257610743910336661421;0.0;0
494464;97728978280827147993193801115501147969;93440385825727996462444393505561586193;97728978280827456021494229584794904514;7.182503435648742E-14;308028300428469293756545
494465;97988152395122943867197837264671385104;93519074353021618088520696633007210076;97988152395121119391879914794158172422;-4.082442286160249E-13;-1824475317922470513212682
494466;97988182060888140742064060909575169059;93596551351489044967360851384414329701;97988182060888140897922563019592676244;3.548989257599566E-17;155858502110017507185
494467;98015396795032472579872052474287967863;94988178829847948972114435846627549597;98015398044432258055520898687075995122;4.127221098198959E-7;1249399785475648846212788027259
494468;98517711022696021643525740980281628841;95510241108078702270877337944974964036;98517711022696026156760912093381229241;1.5006750854521446E-15;4513235171113099600400
494469;98780917583922878884758219548275010901;95573247087642955844145562182503967733;98780917583922878884758219602410694041;1.68769464328657E-26;54135683140
494470;98934323803500058754928854928201535409;95676277620673388061245310863253688597;99360089190341914949841919135233820631;0.1306812006183606;425765386841856194913064207032285222
494471;99360089190341914949841710504431351542;95894329511506087308717320718832812325;99463109125051216044744862354790987873;0.029725065860280942;103019934709301094903151850359636331
494472;99463109125051211531509691241691388089;96704237223299723298510371207746684027;99595747175763593786746227023618090920;0.04807691528851924;132638050712382255236535781926702831
494473;99595747175763593786746227023618090920;98383196055725870173033041140313166927;99757718062184994193353572585020515937;0.13357860443554853;161970886421400406607345561402425017
494474;99757718062184994193353572585020515937;100552428804852855105524196898106987693;99803410349322442198622564438179935211;0.05749549450414879;45692287137448005268991853159419274
494475;99803477539266461111293849659224956695;100832701753514929742702832482415778279;99819935154595788759899251094587095294;0.015990311053209014;16457615329327648605401435362138599
494476;99821228561018152828821491599703758861;102526924160723362361542228833421413236;100197646039721715592821688491025324530;0.1391204090898378;376417478703562764000196891321565669
494477;100197645821571591022700597223285573445;102740777689138781211217569951385492211;100348513711620051898088254391568171853;0.05932365992204096;150867890048460875387657168282598408
494478;100617505702688259078169705584056981137;102924880421642796169446154795303514617;100617505702690326257104962945052892593;8.959008340847177E-13;2067178935257360995911456
494479;100688935094233183246847872689834580865;103015666237738093979544011977026893201;100688971743293557199214028264950047129;1.5751308644429556E-5;36649060373952366155575115466264
494480;104200729177844337711560503172142911746;103240994342735569967247976464518640169;104200729177904545397051944699070712658;6.273366693480301E-11;60207685491441526927800912
494481;104204934764000739000650969195693754796;103986249634808604386380341911776150369;104204934764000739000650969195693754796;0.0;0
494482;107165551351050365473874583358288941176;104038792244023114402855769355873052624;107165551351050365473874583358288941176;0.0;0
494483;107615071061678579498610289299324761538;105971517884392480337409018563860604326;107615060372369303762503493923249417211;-6.5037806037932535E-6;-10689309275736106795376075344327
494484;109596849709457734948408276485159585064;108186081821050043575401956277929613293;109596849709457734948408276588026057157;7.291523498532672E-26;102866472093
494485;109909661325862104183233269745669778049;109457588372659397790938694468552913777;109909661325862104183233269745691691633;4.8473556855709744E-29;21913584
494486;110400939482991905590015735505643731656;110160732144976453406969568161743943563;110400939482991905590015735505643732349;2.8850076176915973E-33;693
494487;111056746169725617715182225288169348849;110179768009349491003196954651530757221;111056746169725617715182225288169538577;2.163429017646547E-31;189728
494488;112294894148188125668258348985792742015;110309952600214120119311092302449053374;112294894148188125668536437796960788586;1.4009924445981136E-19;278088811168046571
494489;113333574390106600870013066790922470271;110541921937928469590944411137918963441;113333574390106600870013066790922470271;0.0;0
494490;113639044110381719771519025114177120023;110639126849888472418987985582571088528;113639044110381719771519025114178033089;3.043637276348993E-31;913066
494491;114527065379468450431805115109655934418;110803182816699152713056450011179521805;114527065379468450431805115166498401715;1.5264301797618612E-26;56842467297
494492;115031057014992953848854323274892524201;111779220319836323540451166656098046513;115031057014992953848854324963925838169;5.19409020903076E-25;1689033313968
494493;117245961649813591208037222155624826599;113030862519286142080139509655828687362;117245961649813591208037222155624826599;0.0;0
494494;117619015317828755268613441648461917765;113030862521110616475694962145808130409;117619015317828755268614067540869325032;1.3641490053578026E-22;625892407407267
494495;117828267626146021002064329505978608840;116605111348525605713281838020019951426;117828267626146021003301301533818072756;1.0112951635631763E-18;1236972027839463916
494496;118253443760513548638063985290859869582;116742677550047496172164014847313030601;118253443760513548638065845314435819429;1.2311789627437147E-21;1860023575949847
494497;118624783503260432331773591616712396096;117353637309301425593971609441774345453;118624797246658072563910899957380695945;1.081181512051583E-5;13743397640232137308340668299849
494498;118705211109914355939838631365236077017;117892288105842024070673478502200308989;118705211109914355939838631365236077017;0.0;0
494499;120631703719851467591134452024040061905;122524059301736997429876961249946472530;120631703719851467591134452024040061905;0.0;0
494500;123009434596459007356986659742764763814;126792130321662345853112494580774973041;123009434596459007353846653825942106393;-8.300974080208015E-19;-3140005916822657421
494501;123034010208151421508747669091021472392;127166472970965931623756877718849482846;123034010208151421508747492557265537009;-4.2718777171787647E-23;-176533755935383
494502;123396247843630918152378196315190989772;127287927722840901610591964024060276059;123396247843630918152378196523613369861;5.355589014462054E-26;208422380089
494503;123435790001004150698162999061848124741;131098851932641059294371007894632696671;123435790001004326714334672472732540033;2.2969430919868873E-14;176016171673410884415292
494504;123696285787998425864288875725971136195;131100074971930196155982905121052910681;123696285787998425864288875725971140430;5.72004401366681E-34;4235
494505;125173035337820759929789859875022360185;131184692608114363260591399481478165251;125173071986881133882156015450181653617;6.0963322967615654E-6;36649060373952366155575159293432
494506;126546618726214779293293294829719440457;132527200156674673898705033820525749223;126546618726214779293293294829719440457;0.0;0
494507;126657612440967158729030743635173709437;134621632954696794521502036402151446365;126657612440968288166132314829101331547;1.418174525824101E-13;1129437101571193927622110
494508;126766724147936271062842627756525846777;135113479165366192731511980525739622659;126766724147936271062842627756525846777;0.0;0
494509;127016210707560413188653614683800014144;135497194203505455063964674209586370174;126885586993458704501163093670452439875;-0.0154019535781626;-130623714101708687490521013347574269
494510;127360958829974676837964475968650740647;138862192300545403993778640524086475233;127016270262283528290502616695781974767;-0.029969704429801826;-344688567691148547461859272868765880
494511;130220513950426737014549753405690961742;140136242850668728417043248343951379145;127360919126825938389567807569695095025;-0.2883897747074359;-2859594823600798624981945835995866717
494512;130229964774585313400247469633981918690;141520748385745860020000733508058043361;130220513950426737014549753405690963821;-8.370388171494646E-4;-9450824158576385697716228290954869
494513;132053187977552754378615884759079728681;142829409649322675830706108202390930537;130229841084006566543180397074678369320;-0.16920094529261065;-1823346893546187835435487684401359361
494514;137612985692122536916336966028398263481;143665637567406203095976511318734999297;132053187977552754378615884780734001937;-0.9185721943258489;-5559797714569782537721081247664261544
494515;137720296549308288432116373868859466225;148296697466581361532276645455953102822;137348373221116087313228077838847191706;-0.035165396158988886;-371923328192201118888296030012274519
494516;138001196426033007566664171756390695617;148299913935331701418512449206508809672;137612985692122536916336966028398263481;-0.03769505606498633;-388210733910470650327205727992432136
494517;138001196427876220600839172082509825105;148312652979865491959960171177372888359;137720296553686725117528228161120282007;-0.027241532054489887;-280899874189495483310943921389543098
494518;138434130833330694614627594842270941709;148726543439494248391883670376971971681;138001196426033007566664942085507504561;-0.04206345235697476;-432934407297687047962652756763437148
494519;138435598001705567593024316841166992529;154778207527219412474565551255817757676;138001196427876220600839172082520781897;-0.02658091861958554;-434401573829346992185144758646210632
494520;138435878164946268351429204999275277748;154831269312330987698616514987320528253;138434130833330694615695270998168138093;-1.0657456109868157E-4;-1747331615573735733934001107139655
494521;138535709143731160189465153780968551605;156025186789025338756348042018673910637;138435598001705567593024316841161585281;-0.005724078446249599;-100111142025592596440836939806966324
494522;141525654288221014731916707979649434445;162316520006116516614118565969839305240;138435878164946268351429204999661961199;-0.14861219177685597;-3089776123274746380487502979987473246
494523;144790163051949954217481372376028216131;165225990800288746959367261611134959025;138535709143731160189465151279899990537;-0.30605336790075516;-6254453908218794028016221096128225594
494524;146685594863745041789436926825775328945;171371500559108486445501227927850952459;144790163051949954217481372376028216131;-0.07678194331557749;-1895431811795087571955554449747112814
494525;147117837045972489435179554324544144233;174459987685872392579561641176498564868;146685594863745041789451755661290336305;-0.015808638754139716;-432242182227447645727798663253807928
494526;148058756392201994031624911231209356118;176777001679497194601443124475572496169;147117837045972489435179554324544144233;-0.03276381745530122;-940919346229504596445356906665211885
494527;149264491983398603577918591574381884740;177180336012453056863169338092344307109;148058728905406713567350294549872756420;-0.043192786029931506;-1205763077991890010568297024509128320
494528;149927086434876262466522317170323399543;182703014558530198262872592967317455390;149264491983398603577918591574381884740;-0.02021588676231791;-662594451477658888603725595941514803
494529;152301439455713554954419993093514654741;184210641176303200937457692531130238328;149927226922941029283925913539982306585;-0.0744052625810613;-2374212532772525670494079553532348156
494530;153579128993245356561416006972133104005;184232195520667661045890743098110538102;152301439455713554954419993093514652585;-0.041682274639269046;-1277689537531801606996013878618451420
494531;154094826882947027701261814586010707433;185769972724475361638733850602075921892;153579128993245356561416006972133104005;-0.016280837104325346;-515697889701671139845807613877603428
494532;154777612674482081562926032332963698261;185929870541447164391257068399017148496;154094826882947041240967327925309506785;-0.02191769837200435;-682785791535040321958704407654191476
494533;154934376207858556282969326165128917624;186667575673664500517582696890818083360;161646122181780802134192966650970968647;0.21150549225754797;6711745973922245851223640485842051023
494534;161646122181780802134192966650970968647;186914258941445280714183262753570202896;163761875040493326677260773656277160948;0.0837320487393396;2115752858712524543067807005306192301
494535;163670277787471751713096002619548520243;187342307259007619820966519182992335044;168307733643874521641299305437225288977;0.1959044475666533;4637455856402769928203302817676768734
494536;168307733643854191773478440897827348035;190687794002167221080146130784595755835;168800496286825588841088604919767421996;0.022017931814395725;492762642971397067610164021940073961
494537;168800496286825588841094783601220595071;191725833585252593608720328433006556646;173067008761429463096336319551816330972;0.18610467619582707;4266512474603874255241535950595735901
494538;173067007998036149521852052355060261675;193525008488620297321410278820715316263;179745179731564433979584710436750536461;0.3264332570820854;6678171733528284457732658081690274786
494539;179745179334929581447632695766024297181;198841042601509577689279090253201343873;180253307517930072663153454357770788801;0.02660933291713369;508128183000491215520758591746491620
494540;180253307517930072663153129218857849961;204927561364716589070649906881706757705;181796075390481813589374441324471748181;0.06252541139162615;1542767872551740926221312105613898220
494541;183820680436530354526099994143977341401;211928493992006745758883967347405929551;184346638439989077153707561695175949447;0.018712163520675108;525958003458722627607567551198608046
494542;184346638434322864974679675771308430049;216071720188755193949154501161146975387;184745118447416098828566718818580674548;0.012560409337245034;398480013093233853887043047272244499
494543;184745118447342511657410512507499434786;221470971855089898419885719946627427751;186495623434257176887405730072980208629;0.047664106466900856;1750504986914665229995217565480773843
494544;186495623434257176887405726061526089418;221588191842446200186811504190934979371;190442103817979366091669612134092779661;0.11245914912290257;3946480383722189204263886072566690243
494545;190442103817979366091669612134092779661;221759827060127728599095295109291379153;194471086708351994864814519333027826051;0.1286486523691575;4028982890372628773144907198935046390
494546;194471086708351994864814519332149000026;224071788516998192070356888351059176145;196118262302800064366666175549761853323;0.05564650477195574;1647175594448069501851656217612853297
494547;196116237442099939392180695306155192253;224799318843824799658062948883610468842;198849423810276975871921083414602788937;0.0952891472815287;2733186368177036479740388108447596684
494548;198849423810276975871921083392948515681;227020491057652731554659876784429186951;199411814363344048038318600363365178297;0.019963409555222335;562390553067072166397516970416662616
494549;199411893769641539603125826298750782989;230259973312102305014181660405162767792;204267023617446376900682269370925783241;0.15738839888304895;4855129847804837297556443072175000252
494550;204267023617446376900682269370925783241;235721223846537870943122590219086962124;207663171007445777978010250293079683171;0.10797118875266642;3396147389999401077327980922153899930
494551;207663171007445777978010250293079683171;239121273607820468119587087723765008384;219136631239380203362766064920495196251;0.3647219407249872;11473460231934425384755814627415513080
494552;209598587874469866692065719763518368930;239181448383754440268643086418727228827;220228130520670403395892912788452816243;0.35931422665717055;10629542646200536703827193024934447313
494553;220228130520670403395892318993091942645;240613758290694936815722220496412767729;221450070922591830226555468147506635969;0.059941269197419295;1221940401921426830663149154414693324
494554;229607051955191175750842209283908482691;242568036053131552413608230627851946069;229607051955191175750842209283908482691;0.0;0
494555;230128204957193066382268809422824460303;243571480431608646058690175386220856862;230128204957193066484842566554183647823;7.630116434537943E-18;102573757131359187520
494556;234938345343606027258536095494140352801;244594247480660976257952406955955087223;234938345343606027258536099608452271441;4.260929595434844E-25;4114311918640
494557;234987638401249465124164165935110457301;256130241943687218401154290938290182691;234987638401249465124164165935110457301;0.0;0
494558;239241588925418416693542618604381944559;276773542069102924788820585256957502985;239642544916388059229431883229109996782;0.010683056899134792;400955990969642535889264624728052223
494559;243597719200458539582899179971955210691;283959079045688073680575576428320501317;243597719200308020698871197422576080476;-3.7292817834970184E-12;-150518884027982549379130215
494560;254794227143856103184591744251609427029;284010067608561151193765407325971440261;253171541309459765758697270375792396058;-0.05554130254635889;-1622685834396337425894473875817030971
494561;254896662921801715640065222372015462561;287936269800418410845660300800977286684;254794227143856103184591744251609427029;-0.003100393364907411;-102435777945612455473478120406035532
494562;262554425862029078201673434261313834142;298712318350674979692205238793757064281;266050999908322963968126400967934384465;0.09670292723481769;3496574046293885766452966706620550323
494563;262554426039895000433896881932795832145;306916493347105877794856147290363738776;269816120025337583224996737717330820259;0.16369151453548747;7261693985442582791099855784534988114
494564;268489189011905081836829219253744929377;306946055981765646993935769359946930798;278588785280076440630688976192592074241;0.26262140064833206;10099596268171358793859756938847144864
494565;269816120025337583224996737717330820259;307590744884301650309713606694952801092;278588785463866104189884826861867939997;0.232236996959792;8772665438528520964888089144537119738
494566;283845968022246024318553089722585554418;317404834197786689964061904463036824848;308732355782839727221271829044557934491;0.7415741530246369;24886387760593702902718739321972380073
494567;297047603237522832328513742162352173845;320431551565008358203529416188813007743;313779109666057412794741086511873052125;0.7155124615490338;16731506428534580466227344349520878280
494568;308732355782839727221271829044557934491;331179163138763190870353209281951774105;317214664589344374338487881361441893431;0.37788486674325467;8482308806504647117216052316883958940
494569;317214664584828797926629766841240508253;332161954031066471997979427244556653417;321689260493606330297700129384183483443;0.299358350212708;4474595908777532371070362542942975190
494570;321689260493606330297699682943445332805;351051366501202836700372710894652206211;329838042437477598956540857947331239321;0.2775271617697665;8148781943871268658841175003885906516
494571;332978973855181669617280242774094057217;367407043159562261442670596508228464403;332978973855181669617280246105477446641;9.67635843872348E-26;3331383389424
494572;333275105828022084312992755664450122181;387257342609323999081297285726424673221;333275105828022084312992755664450122181;0.0;0
494573;334899728197493294610423442511149801101;389642403096104567874814559257165424761;334899728197560192038747266432076781901;1.2220343351457419E-12;66897428323823920926980800
494574;338567542093571960128283546310853735249;398798200802843442865996583351146022481;338567542093571960128283546310853737097;3.068204863772363E-35;1848
494575;343983073821774384937666132966927820241;398798201084526112666264230382493916277;343983098254481300905910750236416003713;4.457292746736153E-7;24432706915968244617269488183472
494576;355514103276783357885270197835188675329;405703086592741196312748221369914845793;355514103276783357885270197835188675329;0.0;0
494577;365499804550339441627843875367254446819;451067777797764948548593188629555678551;365499804550339441627843875367254446819;0.0;0
494578;393111603130867061466567137910802167133;455272597269524209209280199645234404941;393111603130866075493224322502727825919;-1.58616083361872E-14;-985973342815408074341214
494579;399062315837292494449163792584157171400;480535798105090393016763676143221262583;398783272319259867048482381641617514813;-0.0034249612299058233;-279043518032627400681410942539656587
494580;403640903125389007755483593480241673051;480614658803100779315194717778506831683;399397310302009848016028194661096757691;-0.055130385493297664;-4243592823379159739455398819144915360
494581;408518609506902312616119937548216967311;487204214239047531698713859235253564681;403640903125389007755483593480241676901;-0.061989818825407446;-4877706381513304860636344067975290410
494582;409722241861877773886376736425185666018;514211484308542293453807709790007907497;408518609507056176701264732561497903493;-0.01151919878676486;-1203632354821597185112003863687762525
494583;416909069922443847951375840992375752885;523900754448139211539412595763129335361;409984803940742011679700886353185007360;-0.06471779570905709;-6924265981701836271674954639190745525
494584;420099935745729525989792655772084832361;525209214248314279297937144693287570389;419563759992461209266247872131803849281;-0.005101126759757289;-536175753268316723544783640280983080
494585;430656938615044756829893835566757809366;551617039999845276324642238392882258537;434364685070608109741742194406231479068;0.030652640111206594;3707746455563352911848358839473669702
494586;434364653002680282533421808278005446087;622497110774122367524508725446806653700;438028681763367079981677461794954319701;0.019475792769040122;3664028760686797448255653516948873614
494587;434786724972557674391871616741832265811;704925684829808821005252039752080549561;449479882279709051855260339839690904948;0.054391107876167306;14693157307151377463388723097858639137
494588;438028681763367079981677461794954319701;769205630034159686751119070315341750521;464066859562033642178234249102348882875;0.0786231588116936;26038177798666562196556787307394563174
494589;498555357731942910723906615407714829332;857662340476472070847391606861695574545;498555357731942910723906615407714829332;0.0;0
494590;668806708037113920992398502504137859761;887902233168740298729995964879467696501;651539497014501199365173134324986866023;-0.07881133588757265;-17267211022612721627225368179150993738
494591;671143698957318649295250246702185697011;1012250796342715503549234764366030533399;671143698957318649485743938989426913885;5.584571348628774E-19;190493692287241216874
494592;688395998941919854985748355664971176969;1098225737724202607418126652166035037041;688395998426295602791240777059247240273;-1.2581425977689404E-9;-515624252194507578605723936696
494593;991114586904660468046735642171578958198;1128192063612241942370831396191977766557;1011563695764563033170212696827566274709;0.14917920398786833;20449108859902565123477054655987316511
