494594;4133442387568423092059266965112736210496;4133384197698291844942611264078211229429;4133442387568423092059266965112736210496;0.0;0
494595;4133453336141188222996000503072960847941;4133402444989245071245201395603511158665;4133453336141188220739382917516411048049;-4.434204177726842E-14;-2256617585556549799892
494596;4133542086618761320113730946309572258806;4133406284160972179270684294738187337852;4133523978928848223148820814974230516549;-0.1333384550463188;-18107689913096964910131335341742257
494597;4133632629689156329073407048801173691879;4133419930520728627982969831581308210885;4133632629689156329073407048803880476036;1.2725880298493351E-26;2706784157
494598;4133741165801976958808307079060841731689;4133420052766518900472403705166445955745;4133741165801976958808306950672659249129;-3.9982239369204683E-22;-128388182482560
494599;4135677914791128569004072937897097595365;4133442768972501071085260711122825662285;4135677914791128569004072937897097595365;0.0;0
494600;4136280952910666261378255529348854505069;4133466481094126832655401216472563632033;4136280952910666261348948807458511528605;-1.041286742262619E-17;-29306721890342976464
494601;4136566912039968484873845703925353022889;4133470249601657123944593393112989789105;4136566912039968484873845703925353022889;0.0;0
494602;4136870632598275083123658161428133912712;4133487651960600015393878167313106603257;4136870632594411756637957330116406058577;-1.1419889439142277E-9;-3863326485700831311727854135
494603;4136914710319081755880445168300461679682;4133490486862349930055907213183606419765;4136914710319031582809202301403460231372;-1.4652394003151146E-11;-50173071242866897001448310
494604;4136914893561521808962140707910961102017;4133499412181918352182379694008690736445;4136914893561521808962140707910961102017;0.0;0
494605;4136965866292512963537157336588365768747;4133512340238249558419883638084071584509;4136965866292512963537633095060611625932;1.3776020935430025E-19;475758472245857185
494606;4137000545471175843194654457483316059007;4133524960817739042104235183047022750587;4137000545471175843194654457483316059007;0.0;0
494607;4137002927455326904287432178635498329237;4133578187349949051147464788935298151729;4137002927455326904287432178635498329237;0.0;0
494608;4137365058746102012335125869870831536582;4133816412829691242394459511030815878245;4137365058746102229534568479688749776187;6.120628761674295E-14;217199442609817918239605
494609;4137561894401720250556651370802933329093;4133881682712496056855304520371401259904;4137561894401726940299483753194815108927;1.8177603348117788E-12;6689742832382391881779834
494610;4139102078643590100009793428208515666085;4134140228081348239784462529685043979296;4139102078643590100010459490069659866144;1.3423658225677405E-19;666061861144200059
494611;4144569946728744281787866996009763703875;4134157654683038212539229227731885931869;4144569949823011241735186154616326342401;2.97174430602277E-7;3094266959947319158606562638526
494612;4147443058503723730702699666278272728427;4134811159951745262645898089498086889929;4147443058503723730702699666278272728427;0.0;0
494613;4147478101802856177603227096241037769169;4134918632763387564024797690127710774689;4147478101801839162933150884820672642717;-8.097592874987022E-11;-1017014670076211420365126452
494614;4148554291690511446294115699392420328027;4135277727911397632288204670704213677315;4148554291690528170651196655372124777612;1.2596901848403051E-12;16724357080955979704449585
494615;4150328210474230900510584719899676050253;4135280311767758427546969826073099742782;4150328208570383608357215049480189532525;-1.2651914591467032E-7;-1903847292153369670419486517728
494616;4150331578271509529773797094033379959165;4135470680556649203691307495430754936749;4150331578271509529715183650252690353973;-3.9441388336909426E-18;-58613443780689605192
494617;4150708838283828188472074443235141198677;4136774286325325194670063070863922358187;4150708838283828188472074443235141246109;3.403912816232068E-33;47432
494618;4153281991029186014994998638000660726138;4138451504495448143812284108304980711149;4153281991029186014994998638000660726138;0.0;0
494619;4153659612667225246077970406270719912115;4138957472237621238515565539360192338173;4153659612667225246077970406270719912115;0.0;0
494620;4154431548454712002023326633576763723237;4138998507430311963849078746829954818927;4154431548454712002023326633576763723237;0.0;0
494621;4155199972657351739968079222490637278562;4139072410880799418205386229315482257249;4155199972657351739968079222490637278562;0.0;0
494622;4155245746244481245433906258625174334055;4139680540138360271841785598449636553101;4155247392398086294591865878635071083668;1.0575854851043782E-4;1646153605049157959620009896749613
494623;4155726476032448161766003663802486075971;4140387762346115418145005662882779922921;4155726476032448161766003663802486075971;0.0;0
494624;4158486887127950762117778387842871906707;4140413957855827412751354756239397786854;4158486887127950762117778387843188284076;1.7505594374676014E-29;316377369
494625;4158501951214381404438963967456168414073;4140413957856841394498414079874772577709;4158501950510071899560080985358623930885;-3.8937956851100367E-8;-704309504878882982097544483188
494626;4162756263468396437211063261007044966377;4140468287132350182209517496335748897694;4162756498633200503405412791377749075277;1.055119587891267E-5;235164804066194349530370704108900
494627;4162826855547896825769841401508876269487;4140638010855409110106708501273048133397;4162827796207113090547239426700553103969;4.2393339053981856E-5;940659216264777398025191676834482
494628;4167168024691313346447704560477633728289;4140957122757398844072309179925327621230;4167168024691313346447704560477635554113;6.965895353786172E-32;1825824
494629;4167531061796481159361104567447683644709;4141052880648268794533027564081931137670;4167494846416654965431281833304417064833;-0.0013677442428344049;-36215379826193929822734143266579876
494630;4169322795194840848165685004448100331317;4141179752493342298437818025364946864861;4169322795194840848165685004448100331317;0.0;0
494631;4170175712888487264508517878223493264509;4141872932536864569952699099312462753621;4170175242558852373148484409163484804061;-1.661778910227788E-5;-470329634891360033469060008460448
494632;4171915486631606397000703632656013341132;4141943956075523999587580941443390137193;4171915486631606397000703632656013341132;0.0;0
494633;4173258099615339441854490933794417729277;4142807318933305638949894257451624748121;4173258099615339554685370211621907716177;3.705352596900696E-15;112830879277827489986900
494634;4183901048652225426737700114990241011401;4146593031516674542314115529587766105495;4183901048652225426737700114990241011401;0.0;0
494635;4187077473098811354781789362717198770621;4147539244475564468990607548004399566543;4187077473098811354781789362717198770313;-7.789929157800166E-36;-308
494636;4191262000261705042408774675799726016922;4147738400826799358630182516160213810085;4191262235426509108603125409809674689193;5.4031561525123655E-6;235164804066194350734009948672271
494637;4192178110656493363861299051215566247957;4148130901453689789284899893354756585710;4192178110656493363861299051215566247957;0.0;0
494638;4193027453372586849533237637787127877809;4148372199280537591469911310365648386083;4193027453372586856303090394456777277485;1.5160260297063236E-16;6769852756669649399676
494639;4196958321610000813194264172371191813537;4148776600129762890517959367168006701477;4196958321610000812930503675358088590173;-5.4742854532768505E-18;-263760497013103223364
494640;4198368359143382485378150305980364092897;4148776751044805789717566221827307217987;4198368359143382485375961817008033149846;-4.413022800109105E-20;-2188488972330943051
494641;4206972462865643673986606330828899117781;4150113412578100882925806615135423146365;4206972462865643673987367672772678624101;1.3389986992911633E-20;761341943779506320
494642;4227575491101684525912310505793346328363;4150388488277564903992728095609137791641;4227575491101684525912310505793346328363;0.0;0
494643;4230681191006044506672991295775699352133;4150388488659041836501252788986418244385;4230681191006044506672991295775699352133;0.0;0
494644;4233876742873404164687473393245990696137;4150408352306130912039639134199468205133;4233876742873404171545246315586674503601;8.216011924674054E-17;6857772922340683807464
494645;4234855910565141241940988525389329313093;4155761515359284283680455030650547961901;4234855910568272041586543484790002275405;3.9583078388885924E-11;3130799645554959400672962312
494646;4240372193845119675623951006928057085136;4156556861120932367594457660361243350017;4237709422547949351057998268259375909981;-0.03176950100446128;-2662771297170324565952738668681175155
494647;4240758314083080924333139766974061727747;4158695164827299809057700413470077194541;4240758313964083606199431999437510681627;-1.4500700888629953E-9;-118997318133707767536551046120
494648;4240920878523766829944833209112702592461;4158766921471113452276032599750925290555;4240920878523766829944833214125666851225;6.101914549960309E-26;5012964258764
494649;4240995450833958416466694657052237099089;4158859359683147230080451535770533711857;4240995450833958416466697128524820206309;3.008997078481999E-23;2471472583107220
494650;4243528801196386506058974536493002429313;4161418242844887254917177444135131767745;4243528801195871395860881092318105382091;-6.273373466641867E-12;-515110198093444174897047222
494651;4250519557697712468206129271131473450141;4161808119932833191031739285321639185737;4250519557697712468206129271131473450141;0.0;0
494652;4253433225185360381434172700917098920251;4168257232589829357484137278156886981641;4253433225185360371279393565912624820737;-1.1922114231442805E-16;-10154779135004474099514
494653;4253433225188008709571035378592536475627;4168257233018747331294892397769994635785;4253433225187988640342538231416891136125;-2.356207187732629E-13;-20069228497147175645339502
494654;4253523770139200977557413415702172482263;4170172768562795243287327764175052676152;4253523770139200977557413415707586050577;6.494904934090708E-29;5413568314
494655;4256224403417436504730730395447458416157;4173369854263735205035328206525177336319;4256224403417302709874082747609822819477;-1.6148160603643925E-12;-133794856647647837635596680
494656;4259777838176390968506106548046344784297;4175420618536337549298614982467339360257;4266749298792934168794753309896834368847;0.08264213361096956;6971460616543200288646761850489584550
494657;4299239677876160554219464337615411206945;4177497100572266006384883247281083006243;4299238149304934123956192601546127909341;-1.2555765290023676E-5;-1528571226430263271736069283297604
494658;4319096410211531054486804928505207982405;4179464269111815443122676622112980024057;4309336365625828874372637783109596642219;-0.06989826632202274;-9760044585702180114167145395611340186
494659;4334374412587907896183476933657342476537;4179690827927482793785183494529449813591;4334374412587907896183476933657342476537;0.0;0
494660;4349315456086819316309594580533849635805;4189151907705016219434746605272020806357;4336766826977043119626017199891979708771;-0.07834884551797246;-12548629109776196683577380641869927034
494661;4349315456086850379542592101313127537271;4189151908894720076224783530057346244577;4336766826977074985086566386024711578565;-0.0783488460999319;-12548629109775394456025715288415958706
494662;4349512447439144311434599726527603599375;4192103777198324292715781784064588709525;4349512447439144311434599726527603599375;0.0;0
494663;4354167293630192032915900895126460760393;4192646499357173816762664496280534294884;4354167763960830385700786780857259525573;2.9118890881491467E-6;470330638352784885885730798765180
494664;4354333809364420001668382408425457200449;4200315398388618320900914687108436574109;4354333809359268897430830381119936928685;-3.3444730437852224E-11;-5151104237552027305520271764
494665;4356524774888837379185174222032903938671;4211630560392403248407644797715722008199;4356524774888837379185174222032903950529;8.183901642457799E-35;11858
494666;4356574914688549918905673188366307704049;4213491330234132408519640961332463949533;4356574914847210549661286376626128496771;1.108866760366617E-9;158660630755613188259820792722
494667;4359365345987453215420456787199680870761;4218242945487947374560310737294743260061;4359365345987453215420456787199680870761;0.0;0
494668;4359593401776018363210884528822311995413;4221280882254359740081029102707896447175;4360903335898163253226149451282946965979;0.009470828285647454;1309934122144890015264922460634970566
494669;4360903335898163253226149451282946966595;4223761826780874682011113445088650415431;4364940779516546635152541675806753547817;0.02943998242669481;4037443618383381926392224523806581222
494670;4364940779516546635122854347138612059473;4229750262000244448295967399337000630357;4367620180263530133753619895027779978145;0.01981944293289948;2679400746983498630765547889167918672
494671;4367620180263530133753619895027779978145;4233770623043466243779778867109526156781;4372142030885794549739682774459707822933;0.03378308241117286;4521850622264415986062879431927844788
494672;4373054029479540234381061213795140217224;4233840768605409427973920263704505515981;4373051795413901605256327122391404326631;-1.6047793325156338E-5;-2234065638629124734091403735890593
494673;4373487023245238589919547499944130342749;4237951520434588103777049716228301228172;4373487023245238763679106594937724192569;1.2820224626882E-15;173759559094993593849820
494674;4379209022326421810978736587387276303501;4241187290147634918027383671526856937992;4379209022326421810978736588220965823857;6.0402771882045185E-27;833689520356
494675;4403908364875055112685921760822334596568;4241501911121334591358091404816240227575;4403908364875055112685921760822369749609;2.1645101033550946E-31;35153041
494676;4405267734977264535164110415576163627067;4247711470157147544504766527620261066641;4405267734977264535164110415603233751302;1.718124269187654E-28;27070124235
494677;4405320654721700081666063424702290853082;4250937421534673735635195898351903510405;4405320654721700081666063424702290853082;0.0;0
494678;4406075286467960904711690791452894721270;4252683049361263770122091302775853026461;4406075051303156838517341293387659526165;-1.5330945587723422E-6;-235164804066194349498065235195105
494679;4409295513727788294857578756210207384937;4252683075068139629724512861885619388091;4409295513729059345995731410667745553397;8.115901578640968E-12;1271051138152654457538168460
494680;4409567715787284880864193707243034846912;4252683208289744402580018498728062967063;4409567715787217983435869883324217048572;-4.2641194717631817E-13;-66897428323823918817798340
494681;4416000695392993194442697232054805095027;4258779127867733134898048751827248460812;4416000695392993194442697232054980741652;1.1171916662882761E-30;175646625
494682;4419358367387233050878112706864452447337;4294501238316569892110902373240909385386;4419358367387233268077555316695904607727;1.7395838285445996E-15;217199442609831452160390
494683;4430093014406518679802634110481329586392;4296529313156390004186140440663212516487;4430093014406518679802634110494863507177;1.0132933318203445E-28;13533920785
494684;4450672959194510090951414910884968781487;4296874265333577386912094947123013031532;4450672959194510090951414910884793016282;-1.1428263829010782E-30;-175765205
494685;4455735292858920758284284668729481292814;4297935458233823187673093719585617681062;4455735292858920758284284668729481292814;0.0;0
494686;4460527359583827492636666556998599626217;4297960177031658312645179893313899563658;4460528065078239955243972561935898974737;4.339709905695193E-6;705494412462607306004937299348520
494687;4476431376774390009185997719214714900635;4301518795677075031765053280737558687396;4476431376774390009185997719214925818881;1.205849485936365E-30;210918246
494688;4476545610100082027863571861955991939775;4309196398197783162445535863506978366044;4476545610100082027864713682289381997019;6.822980045204337E-21;1141820333390057244
494689;4476545610606751068819072334133055633035;4309385745622311800490840649376532636251;4476545610606751068819072334133058372233;1.6386696652662343E-32;2739198
494690;4476569734578806316146834903427299191397;4310665191926665133669875385483208987878;4476569029084394107409007273601852366301;-4.2524116635430335E-6;-705494412208737827629825446825096
494691;4480885811841413514719240272279732611791;4323845091486139510159407363329676740711;4480885811841413514719240272279732682939;4.5305446790514924E-34;71148
494692;4510536665061998578153750145456259138962;4350191435451468024193315460652646098346;4510536665061998578153750145456259138962;0.0;0
494693;4514211019765638315720519125613552892135;4350897519285738691958056923744672813185;4514211019765638311771395100119386573489;-2.418124658334795E-17;-3949124025494166318646
494694;4514293894659753096754231955154346710455;4350998169810478877864761701817633100353;4514293894659753096754231955186828120339;1.9891157538864598E-28;32481409884
494695;4543465998905369377786359597538664014127;4351154814251035461293722110389414416015;4543465998905369377786359597538664014127;0.0;0
494696;4551675166627915324325484383089398807533;4351472061005970183795115301749362111803;4547492290257989925430958589542108831855;-0.020893164254025914;-4182876369925398894525793547289975678
494697;4558140167759958156552635897799776581209;4352374821709534620021719221975726594795;4558140167759958156552635897799776581209;0.0;0
494698;4558702405430206644950746768704126730233;4353089724847391494521677093205961191941;4558702405430206644950746768704120338771;-3.1084960236320124E-32;-6391462
494699;4562821108562610090488177278895875864892;4353267029708378042712016020388972060437;4562821110069822618147177828934790279814;7.192475259369363E-9;1507212527659000550038914414922
494700;4565014708501950106938235889872056925561;4354401933700691226185113020860529210073;4565023644764504622323516824271044782932;4.2429822041649354E-5;8936262554515385280934398987857371
494701;4565793957681607917255996671911580330413;4354836047278098802598861687099042257869;4565793957681607918384305465106699990537;5.348501940680728E-18;1128308793195119660124
494702;4579553921172011585254754795649509782677;4355071490189418299177156656034722069709;4579553921172011585254754795649509782681;1.781876640631251E-38;4
494703;4580860007709184733574540066889257491965;4355787034160758365384004748403679648266;4580860007709184733574540066889257491965;0.0;0
494704;4581095160776579083301279438782683408421;4356520612083614834435607280419180388767;4581095160776579083301279438782683408421;0.0;0
494705;4586665744204062200525903973675037797245;4359435431241608605547833514499217641045;4586739115622930853162947435056201256541;3.228945025515859E-4;73371418868652637043461381163459296
494706;4618050720361243780052436410040033754457;4359449186740707185694687571065343827105;4617969194526472026856669053960416677715;-3.1525657883909355E-4;-81525834771753195767356079617076742
494707;4622944854125635297589926821405455694746;4361365280566891890162288133137439099474;4622944854134907281155608816553602544670;3.544612998460971E-11;9271983565681995148146849924
494708;4629755538016806494249984365044723926957;4362260236741321964209125764310799992861;4629755538175460435262765170913014470101;5.931092630647309E-10;158653941012780805868290543144
494709;4667184675935466214248851970837514101812;4364174088867942253952208093723461545266;4667184675935466214248851970837514101812;0.0;0
494710;4673010970026844039629776113775831719303;4364218797607008292666568857910628449887;4673010970026850729372608496167709846873;2.1664224128346675E-14;6689742832382391878127570
494711;4673187344143793648087954091809680636259;4367806345668414438529326809658651939565;4673187344143793648087954092226595702519;1.3652292327992145E-27;416915066260
494712;4673987174290500971315422138221580857992;4379079235787324504307928613966885348273;4673987174290500971315422139263692758437;3.5336854807446135E-27;1042111900445
494713;4674165761992818094126962953407779340592;4387394767650307727169722863849924443457;4674165761992818094126962953407779340592;0.0;0
494714;4674754277675041913892214292985695190032;4400104274789071926387545261748443133973;4674754277675041913892214292985695190032;0.0;0
494715;4675233514094546717448860010618507514965;4409570067731447028953089294693715349667;4675233514094546717448860010618507971498;1.7184637414363223E-33;456533
494716;4677153401023525647346154348666345466721;4409846982314672445431583801869111032537;4677153401023525647346154348666345466721;0.0;0
494717;4677760828859192936999984352223463069282;4424063274429353503221401571386698524087;4677760828859192936999984352223463069282;0.0;0
494718;4681003209206056228458680814475816306572;4425189288786816469236165759489011375555;4681003209206056662857566034111652785782;1.6981049526457464E-15;434398885219635836479210
494719;4684172009929214371609650221486045559602;4455590294507347725502115682263584001119;4684172009929214588845726234709006702897;9.503650614061392E-16;217236076013222961143295
494720;4684221983639583802148503048683207198477;4455625218046267616838845008381149757679;4684221983639583802148503048683207198477;0.0;0
494721;4685555140130533691031391882838518236293;4456875240656286765365073483521225033191;4685555140130533691031391882838518236293;0.0;0
494722;4691282385155602033034644260512824965882;4456883697467715224322659091420399401612;4691282385155602033035120018985070823067;2.0296976785098414E-21;475758472245857185
494723;4698109761331600069175717097872992363577;4457035849352896077426267730036272136668;4698109776602041891655869662695957141177;6.334340243264944E-8;15270441822480152564822964777600
494724;4742479733666742244285248719424888580823;4457905022815887085106157535065611553956;4742480791908360542159821461656347722557;3.718677654573797E-6;1058241618297874572742231459141734
494725;4753839117013901768146847311421716155277;4458249186443405944807557456328181671172;4753839117013901768146884383510462586477;1.2541729237826592E-22;37072088746431200
494726;4753843698914077850875982263856326650577;4459671994132595347179582844264513666427;4753843698914078285274867483492163129787;1.4766848006075815E-15;434398885219635836479210
494727;4753849747994674714656045741617565709097;4461041232420262616772569527626614274917;4753849747598039862124093726946839351237;-1.3545878327816403E-9;-396634852531952014670726357860
494728;4753863763479072750730291724213741001157;4462432061506306157997959359837592585090;4753863763479072750730291726297969367377;7.151687177858107E-27;2084228366220
494729;4766838955360972251262948839775103506337;4465550715921484326892830488320012732033;4766838955360970948066293180867594068707;-4.325414951753028E-15;-1303196655658907509437630
494730;4778411148315359569805707042270673339225;4466889495737008582287963719483893501531;4778411148315359569805707039769815696403;-8.027877427213532E-27;-2500857642822
494731;4780553958096613916548440126427744162697;4479420567825196808693037154288333850913;4780553958096613916489826682647054557505;-1.9464279178028124E-19;-58613443780689605192
494732;4783195811139823646452232054035422979753;4497514305767295578670049511583066693779;4783195811139823644195614468478736219961;-7.899067818947754E-18;-2256617585556686759792
494733;4789208034759471017503081202835912807505;4563042150703368599688702540553712589637;4789208034759471017591001368506947215293;3.8874194504607528E-19;87920165671034407788
494734;4790688860472100849668827393994068133893;4563183145657013213390106790974470967469;4790688860472100849668827393994068169467;1.5636530286245282E-34;35574
494735;4795941772521834977319041860338356196317;4563188771700906275995989746486177861893;4795941772521834977319041860338356196317;0.0;0
494736;4796020565263637960108496858585393220589;4563518632675455735051578997825581447588;4796020546939107773132313780797835487457;-7.88145284772037E-8;-18324530186976183077787557733132
494737;4796020582154704080239517464226781491029;4563545288781111520574000321636940777083;4796020582154704080239517464227203327521;1.814543325780861E-30;421836492
494738;4797938777805541228005898915545861559737;4563798832731707173775757491830156433757;4797938777805541228005898915556688696365;4.624215925473867E-29;10827136628
494739;4801965409502246421792327851054026260079;4566095884856483509562117964248623468553;4801966702908668785861250091559529607097;5.483567342184421E-6;1293406422364068922240505503347018
494740;4819533723194209961045042470597364855675;4567710648729655461018263054733835023460;4819533723197300632388382270651643074989;1.2273185647945177E-11;3090671343339800054278219314
494741;4819913974224962681857659136525210171925;4567945691066218631625257590582099570591;4819913974224962681857673965360708744097;5.88519924518824E-23;14828835498572172
494742;4828197908149901152837468360901047812221;4568689783029947665228573746901880510305;4828199319138725550003565350542993263397;5.437166268859439E-6;1410988824397166096989641945451176
494743;4836105071904735084075049372969547404973;4569811366667116036581978709642513547387;4836105071904735084073907552636157490025;-4.2878232227496574E-21;-1141820333389914948
494744;4836105073097609362947638379585909309221;4569811382183995078856282418819774611798;4836105073097609362947638379650872128989;2.4395177950000304E-28;64962819768
494745;4844561056394942406184105921748914527357;4574197422305567586831005150229644155453;4844561056394939799790794603933895652097;-9.640325038892667E-15;-2606393311317815018875260
494746;4885203868318893994566053998666659993320;4578253013829398556353780882561625099871;4885303460613416027873080110659850112481;3.2445680820035504E-4;99592294522033307026111993190119161
494747;4890227793783223177558734735932609942873;4585204900956822143960178028233262562769;4888479562686383678906238219714249986741;-0.005731475039922583;-1748231096839498652496516218359956132
494748;4895493838530411051146300716375512335733;4591213860185791633045472820000396550493;4890227793783223177558734735932609942873;-0.01730657658067693;-5266044747187873587565980442902392860
494749;4899736053473350114781385782663517725376;4619536286570450648254331144285806631133;4895493838530434465246214054747098565152;-0.015139965995709584;-4242214942915649535171727916419160224
494750;4921883273992357036187921101832245937077;4631417498454020545130707652934985067924;4899736053195705718009019372394009274881;-0.07624726443452635;-22147220796651318178901729438236662196
494751;4960451654089715000991091539136224860417;4631417507435952412428168011825609681903;4921883273992390484902083013791654836247;-0.11721695298059569;-38568380097324516089008525344570024170
494752;4960451654101048369284884798021251476062;4661751676599443088077644780291849930550;4960451654387191140390055550139796924427;9.579604708997106E-10;286142771105170752118545448365
494753;4966513835870499050437303494579620894152;4670199692493113185731380303415349955008;4960451654398524508683848809064898006812;-0.02045863016485765;-6062181471974541753454685514722887340
494754;4970370590216167509705124983137128012922;4670199692498103766972415541743453384426;4966513835874362376922998227452507344147;-0.012848528525332257;-3856754341805132782126755684620668775
494755;4973254875982435240596379827691666836141;4670246378715738730266735254716563976030;4970370590212304183219424151825400158787;-0.009518828006966481;-2884285770131057376955675866266677354
494756;4996500382428770732778442527183270434007;4670272245239617265653938008815514278342;4973254875982432807962622600648895957895;-0.0712553694682066;-23245506446337924815819926534374476112
494757;4996500382440778790347732310181377188417;4674800897323032769001585007372972443429;4996500382428770735035060112739820233899;-3.7326933576773055E-11;-12008055312672197441556954518
494758;4996557536559612470608266764003857866133;4678585098213861819253485463143031710364;4996500382440778790347729967096980227879;-1.7974551231869076E-4;-57154118833680260536796906877638254
494759;4996645961464129232357431859147705960195;4705181091844404558037788240794173193227;4996557536559612470608266796100904399839;-3.03381003110701E-4;-88424904516761749165063046801560356
494760;5003571674784242986869697631376514609341;4705677243381979063928907363669903870307;4996645961464129232357431859981395480551;-0.023248884806314377;-6925713320113754512265771395119128790
494761;5003750523150519587992591257076092240093;4725858753574154633107144763804822217999;5003571674784242986869697631376514609341;-6.435900082584253E-4;-178848366276601122893625699577630752
494762;5004722947104685342191307018210728328093;4726677586477844739669815275156983012341;5003750523150519587992591257076092145229;-0.003497357236867642;-972423954165754198715761134636182864
494763;5009125235318933563462208430529692698959;4762416902244468251794414948487153422488;5004722947104686037229523369628073999357;-0.017844100194697354;-4402288214247526232685060901618699602
494764;5033608760440690949734401936624199100632;4762901897148445600077182895444794273233;5009125000154129497267858932256035123765;-0.09044381065481029;-24483760286561452466543004368163976867
494765;5048187094313960524792647977541145584181;4778964002097358376091452205245281268927;5033563491315066920455111522626329103372;-0.05431778856149626;-14623602998893604337536454914816480809
494766;5049520302928511536345481271284914050344;4778984699663327371440633192146573258908;5048187094313960524792647977541145584181;-0.004928033864896425;-1333208614551011552833293743768466163
494767;5050367345511696979702645355731657971947;4779108511236323589586399047827682551413;5053853656096657053551389065734043398277;0.012852339332185145;3486310584960073848743710002385426330
494768;5059480721653338887094004538843424090589;4781826319885517208335932454491063093355;5059480721653339582132220893595520538749;2.5032494062022918E-15;695038216354752096448160
494769;5102504445044879481732190245732291366645;4786072826614650525320148095983188037043;5100058140785018146204381364062326369582;-0.007730909673303488;-2446304259861335527808881669964997063
494770;5102562539924381427783814885962524420077;4786235933558872837704612912759788161577;5102504445045401277174534262131142995211;-1.836547347301644E-4;-58094878980150609280623831381424866
494771;5102828973238728426133661804441298810857;4786505340564180774955020361867126094957;5102562539924381427783814853865477886371;-8.422807745797501E-4;-266433314346998349846950575820924486
494772;5103634394272412974294217617205478616322;4786682657638680423096098956495135418477;5102828973238728426133661803190764530323;-0.0025411472492270575;-805421033684548160555814014714085999
494773;5108370280434456361915075475534986457279;4792670968281033109057514619863864825321;5108370280434456883193737739097990232331;1.6511871967913331E-15;521278662263563003775052
494774;5108532479774722803319834938190440135143;4811005118324314754369058737380431743033;5108532479774722803319834938190440135143;0.0;0
494775;5109568109051681089436074965085578745897;4831233173027607282400813911119093769158;5109568109012017604182879763618506110111;-1.4250271927690964E-10;-39663485253195201467072635786
494776;5112260041599359212894561225138717832444;4831950279370981664672049057211321966237;5112260041599299005209069783611781760577;-2.147898275565171E-13;-60207685491441526936071867
494777;5120537969817764892567626862995180788973;4836319522472170239375312413333057033465;5120537969817724754110632568643890109969;-1.4122396828622493E-13;-40138456994294351290679004
494778;5175569264324374475882809186658229861947;4836326820373013910691328445684605661653;5175569264324374475879383725658067907809;-1.0097383335244116E-20;-3425461000161954138
494779;5176550658386460234604142156698881296738;4836353388799950560476668227277095203385;5176550658386460234604142156698881296738;0.0;0
494780;5206938670089979267977679246855982258723;4837587533654313838870713410108052074198;5206938670089979278132458381860448140643;2.7493564072932673E-17;10154779135004465881920
494781;5208070427230025942732396940382809785057;4870764678499383229857906026905432815401;5208070427230025942732396940382809785057;0.0;0
494782;5208070549501333181961958676266467727997;4871310635595370775264870233081851667937;5208070549501333181961958676266458597337;-2.711326266269823E-32;-9130660
494783;5209810157976776216031435530386885566581;4886297809798081699168567428735481833351;5209810157975745995635248642453936232323;-3.184485544328706E-12;-1030220396186887932949334258
494784;5210189719509900424119095820212970624741;4894794192699022028471793021764308652874;5210189719509900424119095820212970624741;0.0;0
494785;5210879245179644850967313039690132430782;4899833377420359633439856746133896851091;5210879222273982768845412025035775773452;-7.364078567296167E-8;-22905662082121901014654356657330
494786;5212580215474201905656707499749059620287;4913497574154823857641980768021878554965;5212580215474201905656709971221642715649;8.263510620986452E-24;2471472583095362
494787;5212651882834887450834555441312157145933;4942069637555405972889809053971750955977;5212651882834887450834555441312157145933;0.0;0
494788;5215603677460680930414897258425783893189;4943462830532225695748938928773822077070;5215603677460680930414897258425783893497;1.1317668901095616E-36;308
494789;5219552104117515709030273140476164255329;4943471095421736476184449249101143710331;5219552104157179194283468341943377503279;1.4366611249563136E-10;39663485253195201467213247950
494790;5219552132023157257393455994422946029525;4943472601226202639369006784989203971905;5219552132023157257364149272532598487731;-1.06153186387083E-19;-29306721890347541794
494791;5224186515204079071820478363932653554817;4943484978473032252036505269928072521627;5224186515204079071820478363986789237957;1.9285852072790722E-28;54135683140
494792;5224186515223857987051425017254008051017;4947138585671195812714698923932864959380;5224186515223857987051425017254008051017;0.0;0
494793;5248820120422862813357892149231109624057;4955504726448203577407484356757065960744;5248820120422862813357892149231109624057;0.0;0
494794;5249024379840865019048064084434305214637;4962994701057396733517231625492453230632;5249024379840865019048064084434305214637;0.0;0
494795;5251350223253802259329310508135518688093;4972212226785654295338167149463400597107;5251350223253802259329310504383915846491;-1.3439957616196797E-26;-3751602841602
494796;5259616866423889707242442853204402949027;4972809538945717375472364636988517298897;5259616866423889707242442853204402949027;0.0;0
494797;5276835173083469647227731966277143190437;4992372305257838255244755196075127020963;5276835173083469647227732303352974261647;1.1849554694000662E-24;337075831071210
494798;5288002382521375056487368245315330831626;4997144712593322253159278060389892512578;5288002382521375056487391724304870237565;8.072329516087285E-23;23478989539405939
494799;5297705035281180233811024524886981818837;4998781720476699762445024516104296437612;5297705035281180233811024524886981818837;0.0;0
494800;5297705845532168451427026974294396457307;5000680004887770627030340101494161161429;5297705845532168885825912193930232936517;1.4624952639716704E-15;434398885219635836479210
494801;5310543503829530896996376216206271031305;5017396433658726510472932381965698741345;5310543503829530896996376216206271031305;0.0;0
494802;5315058394021776597249189960555927620129;5020809159717859321244513717661700373485;5315058394021776597249203553655134644620;4.619586942742821E-23;13593099207024491
494803;5318889520435260939181916627011550449997;5037315686963889752104050003703763442413;5318889520435260939181916627011550449997;0.0;0
494804;5322911987254198734160557733049779585147;5059736935149047357437493551231172362521;5322911987254198734160557733049779584300;-3.2183901673992326E-36;-847
494805;5323607855403799638801874302655477358181;5070465300682953416632996916591443985753;5323607855403799638801874302655477488619;5.152748819487934E-34;130438
494806;5348509666758375988008995668658159467868;5071170626952269045514115369713849192656;5348509667180251240247526447898841139410;1.5211535041495488E-9;421875252238530779240681671542
494807;5421726846904846442536525524415010009463;5099624151077846747721000714526775884265;5421726846904846442536525524420423577777;1.6806963692435565E-29;5413568314
494808;5422085183376500790953584338871938478649;5099732797217288093523973686997750575470;5422085183376500790953584338872571233387;1.962928661826244E-30;632754738
494809;5424515856282780085581914347318911872421;5099855557831203777103627284769738767041;5424515856282780085581914347340847370005;6.756445949387223E-29;21935497584
494810;5432862141722502813064591733859500712437;5100059436669595578867429217727324806601;5432862141722502813064591733859500712437;0.0;0
494811;5433041053125668491995217076202590322365;5103976346133902628758591177443276810418;5433041053125668491995217076202590322365;0.0;0
494812;5437155995836727709769256966054078411852;5103998239879192710857236772255518687796;5437155995618578540957276843213401747895;-6.547924066332884E-10;-218149168811980122840676663957
494813;5437156077212732493814157220413406847169;5106253086530785379109995048044975379636;5437156077212732493814157220413406847169;0.0;0
494814;5437156156476784604058164844782635440879;5106416376411303615664096039081598686766;5437156156471118391879136958858767921481;-1.7131934289567677E-11;-5666212179027885923867519398
494815;5455186147349157626547418413303326483949;5106416376476227964470949895587334533015;5455186110700097252595052257728492242013;-1.0508095435629093E-7;-36649060373952366155574834241936
494816;5472339667435659590571829577874005266661;5112172794546101258752494848289423292667;5472339667435659590571844409210572399901;4.1179069157982013E-23;14831336567133240
494817;5529070022369798221799609960523050817651;5133090687683505764182985112445312505249;5529070022369798221799609960523050817651;0.0;0
494818;5529904622533995804131636394870086224633;5138797457070833868369704979949312213631;5529904622533995804131636394870086224633;0.0;0
494819;5533251114920834880248008089999146414353;5145780077607891232564900413165659574441;5533251114921363369931568645751270083243;1.363946289316374E-12;528489683560555752123668890
494820;5564522858659860464897264369158431623531;5154037643369704516038360417855442768590;5564522858659860464897264369158431623531;0.0;0
494821;5580868799377242962982463709775143815577;5163843244446657181347308393660462913557;5580868799377242962982463709775143815577;0.0;0
494822;5583237752877038469067539935933211641606;5182479731400001481350929517717183219021;5583237753412615935356658183229277772203;1.3364110949425033E-9;535577466289118247296066130597
494823;5595545204620591577018964252924711505301;5201496266418908060426626885046927586827;5595545204620591577018964252900350447888;-6.182241607901868E-29;-24361057413
494824;5610899046459649608660430049782638509142;5206984005891040164602325395240578425987;5610899046459649608660430049782638509142;0.0;0
494825;5633921237408085572189991163311954195032;5207029448169778078907664758976959507187;5633921237408085572190847528561996737965;2.0060476018302774E-21;856365250042542933
494826;5637193208778133627441003147335655212800;5207348546873564649027930437495706204327;5637193219467442903177109942730678046226;2.4867842323256003E-8;10689309275736106795395022833426
494827;5637887072938317364862146393776336564601;5234885108562526899434636908385215395217;5637887072938317364862146393776336564601;0.0;0
494828;5637887073057284706064491134868406143103;5290462611476268191995456686347616214007;5637887073057284706064491134868406143103;0.0;0
494829;5641308410831334781613101619098926002865;5290462611476295944371345783570642821503;5641308410831334781613101619098926002865;0.0;0
494830;5641626129170824664487593466994864370354;5331077631767162255891532183208535599964;5641626129170824664487593466994864411857;1.3364418229998025E-34;41503
494831;5642384985033331120809466681206856995243;5332003560255056934732685050490812537312;5642384985033331124809834219238922549597;1.2888553304663096E-17;4000367538032065554354
494832;5645489949953157952750549756653769750370;5348631651942488367633224803366940465761;5645489949953157952750549756653769750370;0.0;0
494833;5647960986521930301949897259887149520029;5348632184546091816907622271852937606823;5647960986521930301949897260303994280207;1.3925982311974351E-27;416844760178
494834;5651461886473180130463979414988586624410;5361750562642579952248732235764590715423;5651461886473203544563892753360172853829;8.081872535651748E-14;23414099913338371586229419
494835;5651704780293004803292921513649879053127;5375830391282441541962694900991637473990;5651704780293004803344208276957982458167;1.8590621438998321E-19;51286763308103405040
494836;5675508952338841346607102248075737127395;5376032579200641239178927743780078748431;5675508952338841346607102248075737127395;0.0;0
494837;5704247566482785878676504602935967356052;5421716214663819392652029907640109327357;5704247566978579444341444621274375303377;1.754826720903606E-9;495793565664940018338407947325
494838;5707421354142367235052243041926759124677;5421716220441592704068742878756466457709;5707548107971758913806639911774168799975;4.436526139723864E-4;126753829391678754396869847409675298
494839;5743922797755241191031070406379135186242;5421716220441592704068742878756466457709;5743922797755241191031070406379135186242;0.0;0
494840;5744016429922203090410565861820804865999;5422729782155667918334635997772140236509;5744016429922203093795492240171870268931;1.0535533928601795E-17;3384926378351065402932
494841;5760572964360704969707932033026791464773;5425145969287390948704564600801526630369;5760572964360704969707932033026791464773;0.0;0
494842;5764817290955154244061646525026244578057;5433009825028370893804953359138851697093;5764817290955154244061646525026244575747;-6.961868665455903E-36;-2310
494843;5775299442597066916669448594734607471732;5439095652414398312245551344419520419853;5775299465502729650389677441969054638147;6.813029300257135E-8;22905662733720228847234447166415
494844;5781490849051312106865160280939628235433;5439095652426473840768672956718734166897;5781490849170302562624745885340846142791;3.4752372969169663E-10;118990455759585604401217907358
494845;5797703812507450756464842278224760459442;5455719653837538418388476435412342990105;5797703812507601275678570882042100505707;4.401350469390805E-13;150519213728603817340046265
494846;5797703812727208148128305998992219133187;5479437274351266557593587866197858615189;5797703812727208148128305998992219133187;0.0;0
494847;5812142974148929964852255452525700727385;5499858651811194743571495562859304069005;5812144620302558428212701940441303753743;5.271329716907936E-6;1646153628463360446487915603026358
494848;5853760124512706533574970719617214960493;5511591497386718082255829602860247059477;5853760124512706533574970719617214959261;-3.600563880879618E-36;-1232
494849;5858172936058382383792830824540428587825;5537471632328534318773744529498146791595;5858172936018718898539635623490200712217;-1.23677343346901E-10;-39663485253195201050227875608
494850;5862530975099538998746773285073153605541;5538721403031727396089849966359979279250;5862530975099538998746783042575299852165;3.013345801958945E-23;9757502146246624
494851;5870232216645266256506331937947741862307;5540262259542013315980526635741256753642;5870232216645266256506331941114679325997;9.597653954596279E-27;3166937463690
494852;5918381555144565536025864230271941061693;5540274313651464625451499012938085457629;5918381555144565536025864230315249608205;1.145403783883632E-28;43308546512
494853;5918656132443083330279356899587923064301;5548145146242811939293967059980373930092;5918656132760391212304918511323941701933;8.564061359682542E-10;317307882025561611736018637632
494854;5929434266606607572340002384666185317606;5548488971114635441718968344111430789465;5929434266606607572340002384666185317606;0.0;0
494855;5929928317518165138846515992453160429050;5551393868026873644642737961088403739583;5929928317518165138846515992452773745599;-1.0215277672076077E-30;-386683451
494856;5936497576556790788826082813530763238489;5554236533351790334076463592010147992785;5936497576556790788826082813530778367603;3.9577964506015595E-32;15129114
494857;5958562417806214630521959981206103748649;5596603376962842030273410049108748509671;5958562417806214630521959981206103748649;0.0;0
494858;5978228428781337010424341442771008869317;5597170569647499369525417647657633152799;5978228431835425374920371953651378023949;8.014762827456483E-9;3054088364496030510880369154632
494859;6006227460471599713895468642872599163822;5612055102141474926266100325416638532075;6006227434511848615679209282674754245279;-6.58588826679587E-8;-25959751098216259360197844918543
494860;6017137870399836967869620121800346067342;5620405389709264081281125936395495802667;6017182551712609544796037151158200831012;1.1262327877667677E-4;44681312772576926417029357854763670
494861;6019838845587889749671514759561896884612;5633593169136393537261260452948679593811;6019838845587889749671514759561896884612;0.0;0
494862;6037168039937657240354653091549646867420;5636480485235472016189025459922392202265;6037168039937750896755638568758283380945;2.3373923119495986E-13;93656400985477208636513525
494863;6037168050344497288951696598011816729714;5636498809646167128787220188977238594713;6037168050344497288951696598030764218813;4.7289602431113115E-29;18947489099
494864;6066306828524693048431608233480584376201;5665990851807744118702512577883828749635;6066306828524693048431563746974088659685;-1.111284812076625E-22;-44486506495716516
494865;6081432543550862300981465958294618226055;5680771724111488709111397016905885464231;6081434660034099287689608140429789234090;5.282481176842314E-6;2116483236986708142182135171008035
494866;6088965416765579458994744681389698159127;5689520758174325464130637210440739202481;6088965416765579461815516663335385408992;7.061734138325637E-18;2820771981945687249865
494867;6096914499573782695975319906319381959117;5764983027999192863301190452044563691642;6098144268599459079784032646327136477138;0.003704888300716724;1229769025676383808712740007754518021
494868;6098144268597110980049866426776631755404;5771944027766887930790138243971699025037;6099702613490791496182971438803593459181;0.004777264693963196;1558344893680516133105012026961703777
494869;6107713633298236070293841253362117984273;5792879834038491011984410012574815933097;6107713633298236070293841253362117984273;0.0;0
494870;6141663574704314692264974709137309699581;5793311178435506817587630166696856011227;6141663574704314692264974709137309699581;0.0;0
494871;6153730394115938671972051044364423898521;5808337379464449024448249988943218944322;6153730394115938671972051044364423898521;0.0;0
494872;6154849429095147313133507326330442010731;5834505966348814125172424045163997909817;6154849429095147313133507326330442010713;-5.618969042066409E-38;-18
494873;6230022379765873912753266451507556222051;5835050340771686772182854829632283796467;6230022379765873912753266451507556222051;0.0;0
494874;6236119795752324006312651655884092244338;5851657679501906351693918215028726574821;6235990303152495599008105035299597100668;-3.368149795650162E-4;-129492599828407304546620584495143670
494875;6240320588030874226882202019118253600027;5851917774135421500217767809137843588305;6237685188823186581944506428531669568163;-0.006785221716743332;-2635399207687644937695590586584031864
494876;6254751398456540218799565218742700590989;5857306346614706142543684135595674201445;6240320471975579928729157088165736010964;-0.03630923674627399;-14430926480960290070408130576964580025
494877;6281463708737119263497184748654108630337;5862379417619877106970645115512927956573;6245991467802852249081547474234003368255;-0.08464225857691089;-35472240934267014415637274420105262082
494878;6284847730231741262226919344757110327842;5890189972737217837018001295972696135237;6254530015315568091075299919829629071850;-0.07682026855026125;-30317714916173171151619424927481255992
494879;6286166151536580373560896136965107279493;5902429804141059630218969538986027660157;6254751398456540188335227813729278185725;-0.08186546125551328;-31414753080040185225668323235829093768
494880;6286239824907014880018037698177990432621;5904312264171660846432021599781327273157;6281418439413177807951918327307343816027;-0.012623821869660556;-4821385493837072066119370870646616594
494881;6297610253858399059759493235977626443917;5920894006952876691215388368530703623192;6284847737966137610957064586816154520902;-0.033878326186080825;-12762515892261448802428649161471923015
494882;6337813874199735589077796337260785533137;5927834340325962387290883724196312497672;6286166151536581416118220664091114829597;-0.12597634368513566;-51647722663154172959575673169670703540
494883;6364246916845508804203487357178183299297;5972870122265252452333143282650938450449;6286239824907014880018037698177990432621;-0.19931455573945037;-78007091938493924185449659000192866676
494884;6385699682518866082921049011471644805853;5985288766595161512438391007082804851409;6297610253858399060052560454829751030017;-0.2199975703890446;-88089428660467022868488556641893775836
494885;6388966945200302407262739678500417720525;6012330041502994921398801454440233104597;6337813874204886691058730779009756005317;-0.13581534494698905;-51153070995415716204008899490661715208
494886;6408108186098080420815054371844650729785;6019894696451597763491580532643603797277;6364246916845508804203487357178183299297;-0.11298234199051875;-43861269252571616611567014666467430488
494887;6409260510846896286491088496174063411151;6078745273749100503363659695911451638587;6385699682518866082921049011471644805853;-0.07128515022458348;-23560828328030203570039484702418605298
494888;6412729739362085766739391508174303152515;6078963995602325825579456837762717157323;6388966945200302407262739678500909863099;-0.0711960247750515;-23762794161783359476651829673393289416
494889;6418261705570324365614582714038972483819;6107922899145582648583816537351465086785;6408108186098080420815054371844650729785;-0.03271753084706862;-10153519472243944799528342194321754034
494890;6418628729233183794409208324210289777973;6215718190156649905655517062253511519118;6409260510846896286491088496174063411151;-0.046169205547051444;-9368218386287507918119828036226366822
494891;6420319475605690007731040710095633082232;6227766387200303848302437969201012745094;6412729739362085766739391957532954624399;-0.03941633087507486;-7589736243604240991648752562678457833
494892;6434151232983642242608667954092047905024;6254612467465313626875302045553183624179;6418261705570324365614582719912694104509;-0.08850193086403815;-15889527413317876994085234179353800515
494893;6437193300647507157083084719581516281997;6265949210989602033306238501825020614479;6418630375386812257769654812125892804331;-0.10840038507476733;-18562925260694899313429907455623477666
494894;6461538224154042359793049445620667794378;6275763412272202722438833105242923992564;6420319379401906526106079556087824965158;-0.22187531417527528;-41218844752135833686969889532842829220
494895;6495938688025678059228934446804698880941;6337012485175195515082671323670930199029;6434151232978233585528686790255628909235;-0.38878079221192985;-61787455047444473700247656549069971706
494896;6514947090203340631473465938777467995321;6390077526793458249527725732674754064539;6437193300647507157083084718122559621374;-0.6226800785761369;-77753789555833474390381220654908373947
494897;6517691444424996504904166198543817137081;6396859080951472727088492826556150702753;6461538224154042359793014845003520174162;-0.46472003573163717;-56153220270954145111151353540296962919
494898;6534388201526887325744313903042831280653;6398603312811375255969449218160060694191;6495941274838522787366778927814932208075;-0.2831458423103039;-38446926688364538377534975227899072578
494899;6539930075380398855712932672498040564213;6401312856657724729255510854496117069769;6514947090282667604236473927268163066789;-0.18023002717803555;-24982985097731251476458745229877497424
494900;6570733807455283866845815488647007049157;6403379651875060151694330326804047718396;6517691444424996504904166262737910204493;-0.31694679374042023;-53042363030287361941649225909096844664
494901;6604758291756181026860911396806988168816;6403923490186112635962713064159955510412;6534352906887164990520231614434987263309;-0.3505636688393003;-70405384869016036340679782372000905507
494902;6622735435018348157228090979557775565187;6433961746956912143484727144013906190953;6537176785773490878854999667290594371437;-0.4532339762150136;-85558649244857278373091312267181193750
494903;6622742794241683098590828323656987110402;6446702746054557404574335722864783027265;6570733807455283866845815488647007049157;-0.2954383807661488;-52008986786399231745012835009980061245
494904;6622770759085278077884282767635243139392;6448791396412971429477906872958222452750;6604758291756181026860911396806988168816;-0.10353220665041674;-18012467329097051023371370828254970576
494905;6634744689654722787214559481024171864750;6448791426776188931227175446322778158408;6622735435018348157228090979557775565187;-0.06458211300233635;-12009254636374629986468501466396299563
494906;6665516759225475143192300535506085532412;6481713550929368573725258875912166817210;6622742794241683750189156153110741829217;-0.23271609554759584;-42773964983791393003144382395343703195
494907;6666065207766043729999000907909215988687;6549970299260374844033753836783980924137;6622770759085278077884282767635243139392;-0.37292288902274806;-43294448680765652114718140273972849295
494908;6718724652738879472613932836114116372741;6563250581125403884792344163013185852947;6634744689654722748287991395977804606602;-0.5401541376811658;-83979963084156724325941440136311766139
494909;6719052726473308921685036752541354907707;6566916945553123484043889606005187949257;6665516759522951282701164753597923310557;-0.3518959617951024;-53535966950357638983871998943431597150
494910;6745381479642248831067202320242860475069;6584092565771743995064190760507914812717;6665793592417347275525330401834716639617;-0.493449210581211;-79587887224901555541871918408143835452
494911;6746573770369096162282926524686259464701;6592883079321676139002127018249737817181;6718724652738879472613932836114332769383;-0.18120237107674966;-27849117630216689668993688571926695318
494912;6754981196207678467973496544816610027037;6618259439072373148871463949980517226099;6719052726471763591091327330199599499617;-0.2627853129502909;-35928469735914876882169214617010527420
494913;6761134114277427375891947229892320868829;6701131217831414678710097987331835313069;6745381479642248830715521657558737452973;-0.26253123712705934;-15752634635178545176425572333583415856
494914;6761318127762887493526951186741711877165;6793816771690614667363636141380769566142;6746573770369096162282926524686259464701;-0.45369146560640794;-14744357393791331244024662055452412464
494915;6777397608399897843911656659701017101509;6798841669469957700276119261791764833195;6754981196220041112727739205014139160269;-1.0453436084993468;-22416412179856731183917454686877941240
494916;6779999324231393829157765026027567327413;6817774438749425985503895261253788981233;6761134114277427375891947229892320868829;-0.49940841198406005;-18865209953966453265817796135246458584
494917;6779999362791604569227944962237842490173;6827225712298962004769047822773488678701;6761318127762887493526951186741711877165;-0.39556805096287845;-18681235028717075700993775496130613008
494918;6816760866291069840765644330525350982645;6866949732647391077762168419069133763117;6777397608399897843911656659701017101509;-0.7843025903734969;-39363257891171996853987670824333881136
494919;6834831754645220255396579813580186249527;6927347671260458085464660502834872015249;6779999324231393829157765026026723654429;-0.5926810479743466;-54832430413826426238814787553462595098
494920;6834831762177452450873595912208405858527;6955680724253105980705113348651994615553;6779999362791604569227944962237842490173;-0.45372668862080795;-54832399385847881645650949970563368354
494921;6834831762177452450873595912208405858527;6955680724286433640905226731376942633933;6816760865339146194688959495315607725629;-0.1495329088719023;-18070896838306256184636416892798132898
494922;6867280375720421925363729085439040266427;6961009819887684776770238118665177087243;6834831755141181064632329391715638690777;-0.34619452689098823;-32448620579240860731399693723401575650
494923;6873639235739325402285115601717844557407;7051179749073262163507307127030866169046;6834831762673246016538535930546813805852;-0.21858376061516863;-38807473066079385746579671171030751555
494924;6925721822404995054965369988751138920653;7051204102562182393367957832142465324289;6834831762673246016538535930546813805852;-0.7243258539603693;-90890059731749038426834058204325114801
494925;6933833491016808612020626591169287165388;7107730092675573008078365758715353568001;6867280375720421925363729085466108107997;-0.3827165951579848;-66553115296386686656897505703179057391
494926;6935522282254168243128139363556116888732;7114991825308377875807237796681337130517;6873639235739325402285115601717844557407;-0.34481085459804606;-61883046514842840843023761838272331325
494927;6943834675518739631318267364373547643868;7124257201320797827073064293355644871030;6925718765262281323804392210145348428201;-0.100408250998178;-18115910256458307513875154228199215667
494928;6952371694202372905574568567476392938083;7125642456340080204645124444692861354412;6933963003468211388549371546023642454880;-0.10624233717822036;-18408690734161517025197021452750483203
494929;6957266239509523200193316074038724601971;7138137935439157422876032530527120482527;6957266239509580072716099315797075735115;3.1443572467727216E-13;56872522783241758351133144
494930;7017037792268313524161043231568543558155;7139488254992247819038933712937850206539;7017037792268313524161043231568543558155;0.0;0
494931;7139510480662888438971803945134076315233;7141354563434844098302716109583309911723;7139510480662888438971804201910448584881;1.3924340933858154E-22;256776372269648
494932;7150125355452973507971569672104744110011;7150385303635998901633769376370709382063;7150125355452973507971569672104744110025;5.385688731139304E-35;14
494933;7160899561840670230743814616530799182891;7159198687942351760457088756923023843733;7160899561840670230743814616530799182891;0.0;0
494934;7169770296607446283960021185683169647555;7159397902764903858752641956261266816489;7169770296607446283960021185834749560347;1.4613782998703176E-26;151579912792
494935;7240122029214087473083936279383966571889;7194013267224479202761906741299050738012;7240122029214087473083936279382982286741;-2.1347030488952025E-29;-984285148
494936;7309060655318745958098551298883566245268;7194013412043860515363103022300943205875;7309060655318745958098551298883566245297;2.5207035974525287E-37;29
494937;7378867914696464367278220615207490193352;7206408153139155471821898353325343820209;7378867914696464367278220615207665958557;1.0191664618624252E-30;175765205
494938;7378867914729043288013768352125316437132;7206774165366422074855156886908057779798;7378867914729076742369474227976275601237;1.9439611159487088E-13;33454355705875850959164105
494939;7396169576645029319513449250730289272767;7222741290631062289177142367663268374325;7396169599550692053233678097964736439182;1.320757026444667E-7;22905662733720228847234447166415
494940;7522169243723170321838787474296277542795;7222741290639869555064751545759283302268;7522169243723170321838787474296277542795;0.0;0
494941;7534892609789178734899553607399508445819;7249676701038820012769725934963210817653;7534892596045781094667416299058840145970;-4.818594341545421E-8;-13743397640232137308340668299849
494942;7540494828112894007582962416256839149438;7299119410980535289003794882603575353941;7540494828112894007582962416281200206851;1.0092600854892179E-28;24361057413
494943;7591983764870431171686657282794018575133;7362559607941721400028566179203739054198;7591983764870431171686657282794018669997;4.134874080826529E-34;94864
494944;7613679078293661960876675190390884772557;7368956321985069903738854280908488528577;7613679078293661960876675190390884772557;0.0;0
494945;7620847673182682855565483962813863865157;7382146303991710830346014737154152682897;7620847673182682855565483962813863865157;0.0;0
494946;7641427075855783010013643459336846530146;7569720032635634357961638249645578450637;7641427075855783010013707717624007009558;8.961223929314625E-22;64258287160479412
494947;7652736996344230711725847857277165092629;7580599799150040081514811991059934932677;7652736996344230711725847857277165092629;0.0;0
494948;7685043676192991784048933834189202242362;7602595144281175535389218019765892322125;7685043676192991784048933834189202242362;0.0;0
494949;7753566699678496128775620297506607501116;7650528578016974893839601220880952713362;7753566699678496128775620297506607501116;0.0;0
494950;7796109101308594051638756641872640258764;7850112993021705422744039240992619496947;7796109101308594051638756645415820720277;6.560972457940039E-26;3543180461513
494951;7905017041852006613980328597277365069203;7894755610726330064336888427915884439477;7905017041852006615108637390055639969149;1.0995627987552116E-16;1128308792778274899946
494952;7937861050489905914755052716437324687487;7905210900185935027858455566447450046027;7949712533538027878289542464821312951908;0.36298402726435824;11851483048121963534489748383988264421
494953;7979031809859008387525141665553079492735;7908562044438496566590858289220938283027;7979031809859008083445922011807993957288;-4.315030961707104E-15;-304079219653745085535447
494954;8015813617179745748835489910551409330997;7921058377482270350085200914439856769541;8015813617179745053797273560801450004973;-7.33509005484863E-15;-695038216349749959326024
494955;8029737119141728988042026693169218450243;7992720445735215020830463666913376402212;8029737119141728988042026693169218450243;0.0;0
494956;8031820045883860514155303620953045255637;8211988724626050147626286976329742497842;8031820045883860514213917064733738513093;3.2532537947156463E-19;58613443780693257456
494957;8049374383364482921556092448286532557925;8233007145506532693198348093498386386487;8049374383364482921557614875397719300917;8.290607261078305E-21;1522427111186742992
494958;8080087946894575621610187465008040971762;8321386237925791019438090353701610834563;8080087946896893617567548088048353490084;9.606350494462297E-12;2317995957360623040312518322
494959;8219493543130797689225252736521288764157;8331623299966153332375318878491613371550;8219457327750971495295430002378022184281;-3.2297742230343317E-4;-36215379826193929822734143266579876
494960;8412739609944538293321728956766950892713;8339624931961474403024204827963590142288;8412739609944885030511879558209653296607;4.742374578069247E-12;346737190150601442702403894
494961;8472877010691678491665933830181274674653;8428046197286227824209890561487146118437;8472877010691678491665933830181837123309;1.2546028351375302E-29;562448656
494962;8474895738915203555497994197233257679693;8435405145427998310216718649145091304352;8474895738915203555497994197233235769789;-5.548132369066244E-31;-21909904
494963;8500416305163409573640490114033403220927;8455842869897573762235647449525468273669;8500416305520380940919246927237056943001;8.008612420150722E-9;356971367278756813203653722074
494964;8506671843747595889402073105238399154858;8483613348015901800744475528736490982001;8506671843747595889402084226865023083987;4.823222968809003E-22;11121626623929129
494965;8658315522709450885704145726098354364517;8483925643416703369833742086826659084728;8658315522709450885704145726098354364517;0.0;0
494966;8885305381380301178987035603904314990269;8519212764953119091923467501637066349681;8885306334255870901748555648857317113133;2.60282651702235E-6;952875569722761520044953002122864
494967;8888114375255004552329334149489374041499;8519861739443488500753146796924223053476;8888114375255004552329334149489374041499;0.0;0
494968;8888141536801907493869690142537639600928;8563142522686382626219801209572688849307;8888141536801907493869690142537639600906;-6.769251303691596E-38;-22
494969;8908961065974144449436093477447168935461;8703556801483077656361522681777249693998;8908888635214492061576448009160635775709;-3.5262539379039E-4;-72430759652387859645468286533159752
494970;8964933606773575147871600495560405823195;8707363876544381331571137256680292086968;8964933606773575147871600495560405823195;0.0;0
494971;8990401774321469877617705104505152852019;8858882037542614725923437686264494332337;8990401774321469877617705104505161069613;6.248183125409941E-32;8217594
494972;9037133368148395032990127209013694704617;9028654703945523258294299968975742935145;9034597587748334972755687116330380053184;-0.29907781926322496;-2535780400060060234440092683314651433
494973;9047146216858111169439264496972566357587;9040392665734541831219102369213536630559;9037133368148395032990127209013694704617;-1.4826050068344219;-10012848709716136449137287958871652970
494974;9080364169778874821889574036408487658189;9075153833510746979759463347021479767037;9083152754025491754486685778995607680137;0.5352023560696046;2788584246616932597111742587120021948
494975;9199928942775801253999388719096819641237;9086053252940503448099557377897767059757;9199928942775801375292583934031992479107;1.0651368645087074E-15;121293195214935172837870
494976;9472924161583447942168493972056583284026;9141147658857703097560499514491154520157;9472925454989870306237416212561699947593;3.898426837759613E-6;1293406422364068922240505116663567
494977;9501511080264143882434282438230205920615;9153645546983471615535119322925379104925;9501511080264143882434282438230205920615;0.0;0
494978;9585611551185060076383865334079122236277;9285985600020570359043163470887422321712;9585611551184993178955541510160304437937;-2.2326980711726914E-13;-66897428323823918817798340
494979;9726731799612620279510790535631311317985;9609701704664137827759585602970576884808;9726731799870432933656575409739073570447;2.2029603091348083E-9;257812654145784874107762252462
494980;9752400873534722631066985619384007050109;9769990130946990438256057956284132482912;9752400873534724889941188761490356742001;1.2842351158989984E-13;2258874203142106349691892
494981;9845127358467201855287733891022291063494;9802707427775583972711838877484540861257;9845127338615627486063535559461927793758;-4.679775295612833E-7;-19851574369224198331560363269736
494982;9850163823757450498914187810931147925887;9854007690768435764848343837515096110827;9846162251194596360283698660302942147423;-1.0410278377004643;-4001572562854138630489150628205778464
494983;9866678664981984544166228124807417891947;10166734875149743975010038787997516321939;9866678687887647277886456972041865058362;7.633790589074569E-8;22905662733720228847234447166415
494984;10014185288007498925735833717861273134717;10294502834299494388304041467264207927461;9870508399140866043395666033870060106483;-0.5125504655957942;-143676888866632882340167683991213028234
494985;10039247499128893034644215527938555908037;10416146441141653460029052869840441036343;10118565065129551172553002512627070420697;0.21044783404558542;79317566000658137908786984688514512660
494986;10168965888516391574600920197341391505365;10589061251733369977966844512888467637513;10168965888516391574600920197363045778621;5.154608965492344E-29;21654273256
494987;10179321433976651385399315953245479787941;10661382313627329687587662271652883581707;10179321433976651385399315953245479787941;0.0;0
494988;10185186309836959960178512288678421671645;11027209212797565657806430981942397335117;10185186309836959960178512288678421671645;0.0;0
494989;10233784287832730819015326378055520938219;11282533031316115093126669197723023043965;10233784287832730819608787496335003190788;5.658754033957846E-19;593461118279482252569
494990;10540911936860153543947839119886016029359;11353532892901123654979627307473869038536;10327704201158155061524561526744361705452;-0.2623704620426367;-213207735701998482423277593141654323907
494991;10596290437304959456445517583335603755942;11399531088471291147492509097553860968513;10614193797118666097261479514068702659301;0.02228891153318794;17903359813706640815961930733098903359
494992;10614193797118666097261479514068702659301;11434430700259425915266155787849058880277;10627816581147310098559593524279647755629;0.016608352997141623;13622784028644001298114010210945096328
494993;10627816581147310098559593524279636798837;11677319524605529470833657450206459534187;10644904354574445469721274035897596260597;0.016281777515391633;17087773427135371161680511617959461760
494994;10644904354574445469721274035897596260617;11876918894505813481882509438412788453731;11193772731922068420081665516246431176124;0.4455047887488396;548868377347622950360391480348834915507
494995;11193772731922068420081665516246431176124;11989965924658091659493434781485735304309;11286106908975049198268461935047840318331;0.11596956353731859;92334177052980778186796418801409142207
494996;11286106908975049198268461935048534248491;12386187317926175604203935491367913965144;11287555368891837546750832147098400073518;0.0013166854940807329;1448459916788348482370212049865825027
494997;11387337575497388459757893187971527273991;12513455667381093227346472964875619092517;11387333342530915273336991786547923861459;-3.75890104572049E-6;-4232966473186420901401423603412532
494998;11440413207210308351485316925336398184277;12652980977310611393002684138064927824193;11440413207210308351485316925379706730789;3.571639258432338E-29;43308546512
494999;11494231411164562387649400229444314737784;12656741079884456433955292406296962283973;11494231411164562387649400229444314737750;-2.924706857486987E-38;-34
495000;11669710369842553873518253623166386470272;12891012873285813180698141301836240929447;12206697839731372411502373980934959449107;0.43968424561062613;536987469888818537984120357768572978835
495001;13344730018073233540826739050806044193754;13253793590018520379555323152501020572533;12795997460260336193906126123795142699040;-6.0342435869896365;-548732557812897346920612927010901494714
495002;13616611537931761293930674488090657035377;13642498113778724053770374910601810067505;13344730018073233540826750316869377524560;-10.502799654378673;-271881519858527753103924171221279510817
495003;13617357317341859804944994197901986060111;13859529812124235102455320931530745833027;13586902605443592307744594661856489711173;-0.1257562793232781;-30454711898267497200399536045496348938
495004;13810143210843174909772842005437697929497;14055532455066489704580469556459222219101;13616611537931761293930674477669549444252;-0.7886721910895632;-193531672911413615842167527768148485245
495005;14016344579422599927585620986912313093509;14359475666443462604650434537088680049922;13617357283746886839811111072092623295107;-1.162783876971935;-398987295675713087774509914819689798402
495006;14299044369186862863339061271769059803569;14444133675006185160992381196058129753148;13810143210848326011753776447240804083417;-3.369656747461172;-488901158338536851585284824528255720152
495007;14373060526239499578962767548579509846839;14620215331516081344659175757715251275724;14373060526239499578962767548579509846839;0.0;0
495008;14600503469205615087148916933749949191361;14848264603961562391819056318171012266197;14600612115345093668938385136179748930989;4.385116317198084E-4;108646139478581789468202429799739628
495009;14763464838395835283729043809055824300265;14894837452576115975792304064600386532024;14763464838401501495908071695098790322571;4.3130847432572416E-11;5666212179027886042966022306
495010;15023710634345196017779077266978610600537;15299824233947580318114153618921724786485;15023710634340044915800045859118623557097;-1.8655734402250455E-11;-5151101979031407859987043440
495011;15407131351933264544087680929252240849293;15321617614055654929074158275824173670605;15407131351933264544087680932170154170539;3.4122158540446725E-26;2917913321246
495012;15456807311107585940355179274231745864823;15373139100074536492445103350120884807231;15456807311107585940355179277149659186069;3.4874814283926865E-26;2917913321246
495013;15629088774298663503680682720732446293169;15409529903323389046931355874277744347127;15629088774298452776781462675388170228398;-9.597740154337753E-13;-210726899220045344276064771
495014;16558714143643492018225736478739609206655;15715794517502336528342520032370532213831;16558714143643492496064510220339029333786;5.66885333930498E-16;477838773741599420127131
495015;16912788006241893099401865997334655610135;16178501595626310119467462245680609496145;16848650568570011377856093419636104522103;-0.08734662216901527;-64137437671881721545772577698551088032
495016;17491012931410935408057950366537068405076;16213482367416926470557246214512224657882;17491012931403054891001403908900331760624;-6.168554615170377E-12;-7880517056546457636736644452
495017;17623405319773172858350798546103859350202;16269619030243235262628298534133179914301;17623405319773172858350798546103859500352;1.1091115426507618E-34;150150
495018;17932463105027837723409963491845184555805;16594385799539223114651166076660766596917;18090278429066832774234789525797123302697;0.11794185836024394;157815324038995050824826033951938746892
495019;18090278429066766745457702531698254568377;17185664451491204495512437763236120706820;18342395110867073105839130411929759246565;0.2787008470463824;252116681800306360381427880231504678188
495020;18342392288889424311506936432645879301029;17311166627449808307245788783616381106272;18361905079006845343247944962700288725413;0.018921940024437235;19512790117421031741008530054409424384
495021;18840910547325170995573489471133481842941;18407989345235866821204075608780722588313;19264775352810944750218769883925532711645;0.9790807274861484;423864805485773754645280412792050868704
495022;19435255283105911460520509800135573691801;18412358145791477332636638417076322242392;19397120488148929252417170747275865082373;-0.03728116304744309;-38134794956982208103339052859708609428
495023;19495587559795268911087057414740810839417;18906728148125867668805998748539596499946;19496058359733009432174753375864881315983;7.99511612467593E-4;470799937740521087695961124070476566
495024;20216755651687891746111320188934616115811;20184216635313060228953205846632964869408;20216744834106904701171243268346367656887;-3.3244953880696255E-4;-10817580987044940076920588248458924
495025;20377799553784617770126981832157259627627;21074064696675449294965624077870266915402;20377799553784617770126981832157259623777;-5.529502717908783E-36;-3850
495026;20382773120610426131609360424130934933277;21326457726521363457876191855155854296957;20382773120610760618750979543725023924977;3.544480216419761E-13;334487141619119594088991700
495027;20697319253257981012606909020988448544681;21482972789229663214152444340911676662473;20697319253257981012606926324214443532383;2.20239904776695E-23;17303225994987702
495028;20984750879713969008581866032811323753473;22300264597965443405744793188586987346059;21010500014770392892685830008673862045309;0.01957344473051072;25749135056423884103963975862538291836
495029;23154014998197639571969622018149632651093;22337488449305220333040210502299225788797;23161683604875836136609585972986330939836;0.009391741993691053;7668606678196564639963954836698288743
495030;24192645206804217015065117429864344472525;22663222558251443594204882353938027156091;24203799543790684745450519545990451074333;0.007293168436483269;11154336986467730385402116126106601808
495031;24662048004687262994923571952298707622819;23042236092805354089693672133359509922398;25265836662915421990688107223690214929647;0.37275232624179994;603788658228158995764535271391507306828
495032;25400646351242746910265773925103903978253;23710979039168881134299181093760889407490;25400646351242746910265773925103903907105;-4.210769746896168E-35;-71148
495033;25467862374063261805924794030335105339015;23757723803568710131631047856206689997097;25468025343272539886294487775506740966963;9.529590881688121E-5;162969209278080369693745171635627948
495034;25759031245307756968249980510694976454817;24280433469762857936498876490197924408921;25759031245307757837047726235240818459617;5.875822080175745E-16;868797745724545842004800
495035;26680527187026984957889729847689026653581;26094347341543949017359502809214126243925;26669365324766787109285144043582257216045;-0.01904170255290852;-11161862260197848604585804106769437536
495036;27325040373794317729718173513391859864329;27878396438623833155884121982220815865052;27325040373794377937403664954919428637573;1.0880460036159726E-13;60207685491441527568773244
495037;27426231674114973865456979094382501033886;28345590511262576111697112652197998295453;27426226618071686442278464917347512542523;-5.499531938051556E-6;-5056043287423178514177034988491363
495038;29735989321949243193395346051764704078507;28938786945128989858137735127584627540491;30032224233676744698956911175705886475937;0.37159311153721525;296234911727501505561565123941182397430
495039;30032224279488070166397368870174780808767;30261417469773708364433861474177624392289;30803692149632773960879900168998486039133;3.366015670811341;771467870144703794482531298823705230366
495040;30803692149632778000789532711611765295786;30707534861591285216439569931726586854919;31664358103221405201502762554856334415885;8.950605524744434;860665953588627200713229843244569120099
495041;31664356221589785671507172282110896317341;33197487706809179941159080706416456819959;32044239933791939015911890120695012328948;0.2477828652431537;379883712202153344404717838584116011607
495042;32499148157114089562691260625618950265821;34961948796085468215618394736343273056300;32499365449393046726270226688149546889421;8.822974767779764E-5;217292278957163578966062530596623600
495043;34773782267879194474533642641832373145747;40648240556195928353115233208616166608930;34773782267879194474533642635579701743107;-1.064382636791458E-27;-6252671402640
495044;38025722862279058912419339924483580704728;41380013535853760155621263610596638533481;38025722862279129154719079939598339392985;2.0941029438321513E-14;70242299740015114758688257
495045;38836149418877369739750003799312475586203;42465351945386332701282555449570696392724;38864503172796110718439490698464678375411;0.00781266785516522;28353753918740978689486899152202789208
495046;38864503172796110718439490698464678375411;42879313782340816542164941859534841710192;39856819030217877056934248513506415794202;0.2471638027115552;992315857421766338494757815041737418791
495047;52571630961867282477178711519400287824257;44302154934894451488809476830216357058385;52571630961867282477178711519400315216237;3.3124202683041404E-33;27391980
495048;62742104102087995652539315511947318437949;49342934271053266561228282600879407189133;64573933500434304472099361112790819667951;0.13671215615936771;1831829398346308819560045600843501230002
495049;65705410109520200814844296981178520708744;63227981020404473723757284887145783933807;65705410105117553951739629618333458136498;-1.7771030793362129E-9;-4402646863104667362845062572246
495050;66125080391433542531775080565525665798795;102691417931878595117139195724260760475591;66125080391438178554022236724859913664041;1.2678388263600035E-13;4636022247156159334247865246
495051;75980258050325427292470261816609047200369;116484599265709908977928995786184008103007;73511383176814134708594829811427193377791;-0.060953339800859596;-2468874873511292583875432005181853822578
495052;102790485818501273243602635212392766334141;127652709685217546321438919804976707420845;107509702716973119660440114914675134457152;0.18981475365080228;4719216898471846416837479702282368123011
495053;107509702714791627971519612177180843917957;151912572930451395484952103126243160048637;107668296427490839806480762855128169448523;0.003571699575476539;158593712699211834961150677947325530566
495054;155146198647683403923144166368327778177461;194435590651822962014955349952258908565547;161695188750863270125673383798865972428482;0.1666859620146288;6548990103179866202529217430538194251021
