495055;318270899520342789640808897796583530922352;318270202464159162504260583726712852091434;318270899520342789640808897796583530904565;-2.5517311829076997E-32;-17787
495056;318274474735122782605913371443995033051001;318275083335671509819448815715633499982394;318274474735122782605913371444000446619315;8.895109157100785E-27;5413568314
495057;318334366502472346689216406229484411463953;318278712394431239396643228730290138490141;318334366502472346689216406229484411463953;0.0;0
495058;318493382614727923246298650280583910583745;318279944674533343608189978677564963585097;318493382614727923244042032695027360783853;-1.0572710660060322E-17;-2256617585556549799892
495059;318518587303960648404834297698827618814057;318282953828299319174090003936621249047351;318521375888207265337430648227859145464509;0.011834414608495198;2788584246616932596350529031526650452
495060;318690566989952413910091519563245126537125;318289061427781333627562844689655821307955;318690566989952413910092194275260311570951;1.6804549644010687E-21;674712015185033826
495061;318705348888105849035603482957159569157145;318298094752739020907841049837918285690009;318705348888105849031090247786046465905097;-1.1082110110552648E-17;-4513235171113103252048
495062;319187709966546073609905024203240996091521;318298107627707960427762742600141080281939;319187710436875681742293723199788311241909;5.286964608778729E-7;470329608132388698996547315150388
495063;319221919789312190638328122378974538893677;318299481785552860508624297534427192591433;319206582643145742582929587002209992165945;-0.016626750094795112;-15337146166448055398535376764546727732
495064;319280514852125210551307716949264820260803;318301639211046703651841402039441060412763;319280514852125210541152937814260346161289;-1.0373921577838148E-17;-10154779135004474099514
495065;319358142383379517925604674566873455534044;318309228557088990724272441661168119976043;319358142383379517925604674566873455534044;0.0;0
495066;319452678614505521386020332532347594098474;318380352526743735347649674901265786710589;319452678614505521386020332548396117389043;1.496608491924905E-26;16048523290569
495067;319515374072164155469545401106382843813777;318401374718231549310881272068029490032771;319515374072164155469545401106382843813777;0.0;0
495068;319661268158399709141335651355105735856114;318439019313482322705517478811332476466235;319661268158399709141335651355105735856114;0.0;0
495069;319790074259975495304962888268538727741269;318613192242284530533313352774692928374891;319790074259975495304962888396926913876093;1.090918071691849E-25;128388186134824
495070;320173722068563817720689432096392323162788;318613369696205552262128304153493342108141;320173720432960676334678909198718041254967;-1.0482267790024975E-6;-1635603141386010522897674281907821
495071;320182592174568773414786873242790700853954;318659576374593261570816499058925303944095;320182746012053781444339841782302463452616;1.0100846295258597E-4;153837485008029552968539511762598662
495072;320889532185434048262346526761860070989514;318754288979734930252134718961344651829410;320887087647295780172083492207189576847884;-0.0011448523202150656;-2444538138268090263034554670494141630
495073;321293178421361285085552816380939959507014;318760313920156455411761415279049291608964;321293314243909440282737852184129447601299;5.362408770409522E-5;135822548155197185035803189488094285
495074;321351258258027867760245988624795197554027;318923149098048937306569339960523022619953;321351321634942563599623178409545914068810;2.610134492321973E-5;63376914695839377189784750716514783
495075;321965131136801516442103196216198838293333;319059357960190776595451494080406415638651;321965131136803576882895569992898426482513;7.090852131745021E-13;2060440792373776699588189180
495076;322153989006351828937698547112071136060569;319075386686325220770083127944341244661270;322153989006351828937698547112071136060569;0.0;0
495077;322797360364819168848497100289384550190613;319078918857526523335977573396217953287479;322797360364819168848145419626700412559461;-9.457743573333557E-20;-351680662684137631152
495078;322996941948301053002497011036090570535573;319138847418105787564840365421739387241349;323042048739565965662229848303411397402617;0.011691468654250348;45106791264912659732837267320826867044
495079;323042048739565965662229848303412944136421;319162894960985933117424198817382345834481;323211662935131902871403220965649832077233;0.04372453510415476;169614195565937209173372662236887940812
495080;323545619750482855220231354979514801714353;319385840229309017609922109435002957203309;323545619750482855220231354979514801715970;3.8872252526107515E-37;1617
495081;323858775294992801368944752308952828387941;319686528817202730640759659055915391917288;323858775294992801368944737480117329815769;-3.5541609484266655E-24;-14828835498572172
495082;324092993444388857795557847396859436590319;319719551395867597132080200685199932353371;324092993444388857795557847396859436590328;2.0578756732453015E-39;9
495083;324489091074575910346256282258380038794479;319739521822156557487877650173177428095933;324489091074575910346256282258380038794479;0.0;0
495084;326550924108191379322609592988987706005023;320018626091531352797882357298935982389347;326550924108191379322609592988987706918089;1.3977715004295715E-34;913066
495085;326555069855682964309308397710317451704195;320100363502266352820512033644723898949097;326555069855682964309308397710312038135881;-8.387009443325775E-31;-5413568314
495086;326763052409275266026807703369509203174875;320211511699990113891354266509848721069489;326763052409275266026807703369509203174875;0.0;0
495087;327288474295753677267761435442941883823609;320454628440669577315516008107826138238545;327288474295756767928949996107991266106917;4.5225796046619054E-13;3090661188560665049382283308
495088;327480531235261802838388409967846768137773;320851035809749128459744008879108669280819;327480531235261802838388409967846768262282;1.8781067337469568E-35;124509
495089;330781320107584304462239896058225540773664;321271845168107535551849887921185218457880;330781320107584304462239894822489249225984;-1.2994789927020648E-25;-1235736291547680
495090;331960767025950343171308020852205963030913;321277550949608826194320124521893732380649;331960769495180785866348690584079367570450;2.3113175143609304E-7;2469230442695040669731873404539537
495091;332570452917157270420806480177176946751895;321383790372279556517158701224559099150929;332570452917157270420806480177176946751895;0.0;0
495092;334809786018050041863768884959813339968729;323635386513236236930635092814505777448809;333931204464591389053663521209223249394333;-0.07862449817372019;-878581553458652810105363750590090574396
495093;334814853373748761808914311189737756171929;323886538381670462601178140250185086773313;334809786018051072084400286836841485879137;-4.636904867184869E-4;-5067355697689724514024352896270292792
495094;334823292949998351603681144393697819120189;324088686055633327034154797522989197107107;334814853379856938537906372215666942082973;-7.86202068176646E-4;-8439570141413065774772178030877037216
495095;334897448906044156198298979518647233775951;324393915390921643252961826259541965667095;334823292949998338224195479565553652013465;-0.007060096103758948;-74155956045817974103499953093581762486
495096;334916654733105499375948098605445049480445;324716702012527847741017737709505453581309;334916654733105499375948098605439635912131;-5.30744451695205E-31;-5413568314
495097;335021245238951641822092913795442727338231;324920970796457318484520623937368036463405;335021245240538181232220721854334090326517;1.5707884168501888E-10;1586539410127808058891362988286
495098;335235948353125206330554538544177176674915;324960289741438842003741556403960442109957;335235948353125206330554538544177176674915;0.0;0
495099;335665667804828233149114089013135005362013;325946665215229283550497546530277182647982;335665667804669579208101308207266714818869;-1.632409699968272E-11;-158653941012780805868290543144
495100;335712959030301604625433305990914325808083;326194754421840551727681154292267880954550;335712940922611691528468394654272360936063;-1.9024270498451387E-6;-18107689913096964911336641964872020
495101;335891285570078727743268401395320660959797;326536996228929154722287429725265240095361;335891285570078727743268020788542864274049;-4.068794153313116E-23;-380606777796685748
495102;335899796948025815090424286227281088980413;326548096022150313847246592309491354015681;335899796948025815090424286227281088980413;0.0;0
495103;336343005952180816183538051666459207021497;326595529479282728196020746309634468407600;336343006422510424315927511876562115543381;4.825142275953118E-8;470329608132389460210102908521884
495104;336953771085352153531686720264372381723077;326810259396507994028919273941570524486063;336953771085352153531686720264800053619883;4.216211406118394E-29;427671896806
495105;336967970070463957560317589309390564637161;326861866540724372175871800217318609220125;336967970070463957560317589246863850610461;-6.187024884783779E-27;-62526714026700
495106;337729652491678543223695735920334762283353;326864603846234564400027687296895525077953;337729652520692382686408025793498395360812;2.6703828403822756E-9;29013839462712289873163633077459
495107;338937894267517549235047629131549442624574;326889752849911295207006296582787236440831;338937894267715866661313605138884805803504;1.6460416539946134E-11;198317426265976007335363178930
495108;339218734265728446839632934644584421550700;327456594333347077723930584314065123053514;339218734265728446839632934644584421550700;0.0;0
495109;339219470334623173154474954438803008259374;327719998541331958058201012128926833133261;339219470334623173154474954438803008289019;2.577944494571905E-36;29645
495110;339223098966543726558018438135843361923169;328574005620319280066754816509864419460609;339223098966641597495656192529073800894589;9.1905418100644E-12;97870937637754393230438971420
495111;339603138299060342571979537320428173163629;328587763600813714099963120990112040128353;339603138299655293547580846755615500048959;5.401096121551006E-11;594950975601309435187326885330
495112;339786904711276900918386010983546411620449;329070645160945824101880002076189451861959;339786904711276900918386010983513930210565;-3.0310398634378443E-30;-32481409884
495113;340289769577499753792194468967932388801954;330834149405909847509675638613878571177341;340289769577499753792194468967932213036749;-1.8588437544064985E-32;-175765205
495114;340600372167144904813140427526847072141119;330850403056752107128141785067616237014501;340600370991320884482168680035478784265149;-1.2059771749200969E-7;-1175824020330971747491368287875970
495115;342713075755106623914177471563818166220734;331189702984969345583574556271644412823603;342262931038625215340601888956560306487380;-0.039063625334412044;-450144716481408573575582607257859733354
495116;343037561505010158177471199747927924002809;331315877459789612339243939762969205858589;342713075755106623914177471563818166220734;-0.027682519734512176;-324485749903534263293728184109757782075
495117;343074915699220012699607187581233685117761;331327146687657453770089881057677857411645;343037561505010158177471199747927924002809;-0.0031796840892163642;-37354194209854522135987833305761114952
495118;343083169983340463838424305304181007749821;331691666960899466027050296358330089903082;343074915699220012699607187581233474199515;-7.246000904525408E-4;-8254284120451138817117722947533550306
495119;343413572769352068672560306377055432182183;332473876215560585507597692573561316030038;343083169983340463838424305496763286952057;-0.030202189282580585;-330402786011604834136000880292145230126
495120;343459904713511717397450616230316539301891;332929129666057453620879641538765532917643;343413572769352068672560306377055432182183;-0.004399670864762146;-46331944159648724890309853261107119708
495121;343905407159882588639852350556129503610769;332936104064730565070652188410659396452475;343459904713511717397450616230316539301891;-0.04061355972265592;-445502446370871242401734325812964308878
495122;347247949886961725670815658480341795074255;334805138535441823988841365751466464065433;347247949897651034946449191749101663609496;8.590750895156683E-10;10689309275633533268759868535241
495123;347274316147626950356575403453135207387705;334807285508265843596018586947987499918705;347274316147626990495032397747486498066703;3.219568328288902E-15;40138456994294351290678998
495124;348009422448409503154293176282403005879397;334809276183836750518507682034587546313103;348009422448409503154345128995232590616028;3.935767967133679E-21;51952712829584736631
495125;348227945652250977824021289177001202187073;334810906792280590245208548914260762487055;348227945652250977824021289177001202187073;0.0;0
495126;349195003860977887268872449925566213400867;334812155520319220280578268503799963596545;349195003861096877724632035529967431308225;8.273080056278782E-12;118990455759585604401217907358
495127;350219691503109666244590739192614219471374;335032515295784080197379236592539365298033;350219691503109666244590739192614219471374;0.0;0
495128;351444703389443767781624464084024086364357;335035189082383443148006898805756789005497;351444703389483431266877659285491159000143;2.417102938636622E-12;39663485253195201467072635786
495129;351468279859820024590837427758178873895545;335125890031303504181076050253076828455043;351468279859820031280580260140570755675379;4.0934911616838193E-16;6689742832382391881779834
495130;351554870806909489212642442955685314298809;335237325792822749884669031363591396265527;351554870806909489212642442955685314298809;0.0;0
495131;351563135907525857457306210855781185067101;335244423442384385525966392903459242790987;351563136377855465589694909852328500217489;2.882149000033326E-8;470329608132388698996547315150388
495132;351565899139942417078004647667546925710303;335358632643522043663298726815121758210069;351565899139942417078004647667546925710303;0.0;0
495133;351621653859814602738776359892004409383353;335562303956985481538901346698214489218627;351621653859814602217497697628441405608301;-3.2459512085961285E-17;-521278662263563003775052
495134;353166545984975108178589253333411149918631;335676743724276291508787569703169521327801;353166545984975108178589253301730948145103;-1.811352770106287E-27;-31680201773528
495135;353239174316258204451207651023009003008081;336139800027210778775215334358538261926637;353239174316258204451207651023009003008081;0.0;0
495136;355219800014225172607825655967082705265873;337607975340897486864271568934258116251579;355219800014225172607825655967082705265873;0.0;0
495137;356008211867303190459347547930723338619154;337819027728080918785202924724663859164825;356008202813457461245567952080925176403358;-4.97759858821293E-7;-9053845729213779595849798162215796
495138;357265946712617168021892417385421290934143;340662605019248624046737018835242435539969;357802024847505514484600987848560736649977;0.03228736388063727;536078134888346462708570463139445715834
495139;357993391352054724128363475900429939605908;341360206706976221202620899592465554009219;357993391352054724128363475900429939605908;0.0;0
495140;359605477548223431877005732519448233757241;343072603664434334989054962032461996009117;359605477548223431877005742405338566138689;5.979535319672894E-25;9885890332381448
495141;359897001983810929235992462252969203057649;343083277219317366771590038229767090085577;359897001982918500817795570219959892987259;-5.3077377600558836E-11;-892428418196892033009310070390
495142;359948515625431712771574094931004132939585;343085962087122512251704069137399957561093;359942938456938479601419610224358418005417;-3.307428190257589E-4;-5577168493233170154484706645714934168
495143;360150560742587102431783697299916650348259;343165196803893056637390747977756567552710;360150560742587102431784648816861142062629;5.601981493749928E-23;951516944491714370
495144;360394994476688954719080163633513604570977;343186710240965013741974908860139103621513;360394994476688954719080163633513604570977;0.0;0
495145;360793630813414081388258543153656887441297;343202932825381019694209818326953734597881;360793630813414081388258545625129470536659;1.4049883550821591E-25;2471472583095362
495146;361228733646928286693896236327731823043139;343235771268144369460977946331680452182782;361228733646928286693896236329816046844029;1.1583550040362313E-28;2084223800890
495147;361754264666336123152310266525171730221179;343360707245621106150540423488346193468603;361754355204785688637134823360529896670869;4.92229140315834E-6;90538449565484824556835358166449690
495148;363404433749370491841228787605870802575259;343562380940833467187583233384724814246571;363404433749370625636085435255792671103489;6.74299468601781E-15;133794856647649921868528230
495149;364435417650637915551719737253723382266660;343595408405030987278192732273394551385059;364435417650637952345305301763779525031256;1.7655263551414276E-15;36793585564510056142764596
495150;364979252561445980876450564907335249556009;343608679358848161097557999569517844077779;364979252561445980876450564907335249556009;0.0;0
495151;366143932305164571623992757134320432873939;343610066195508521182011123727667727534645;366143932305164571623992757134320432873939;0.0;0
495152;367280347895007645593597055194958627308189;343610926719826395771090144302562148768922;367280347894135048918026760762683029320897;-3.6865991319013E-11;-872596675570294432275597987292
495153;367883554420955143486813672861549424743027;345392701108377581621267076542463667873904;367883554420955143486813672861549424743027;0.0;0
495154;367900556753427007981427870930587244813683;345878889157042554880966182739267787513402;367900556716777947607475504775012129347419;-1.6642272985706794E-9;-36649060373952366155575115466264
495155;367904206670819261059013485072873676655205;346560596601169432925896810286796625179668;367904206670819261059013485072873676655205;0.0;0
495156;367904219497279542465438619337118889441477;347949992270407757984419168286706041225960;367904219497279542465438619337118889441477;0.0;0
495157;367904242002186713456542688974999303988341;351352084400427046111810952386400450986255;367904236358231415867878301011429385061549;-3.4098003616088406E-7;-5643955297588664387963569918926792
495158;368113709368744134710806355194877202541841;351354236808143741602080942511810160044709;368113709368744134710806355194877202541841;0.0;0
495159;368119385788202252132368846405524364918357;351446069817492951633992554995230175093665;368119385788202252132368846405524364918357;0.0;0
495160;368312488100134594333560677276776266510797;351505236239661633351837149149152821792129;368312488100213921304067067679710411782369;4.71980613873886E-12;79326970506390402934145271572
495161;368339249329860481116446357193066210789049;351877014862827691940340664154374107255858;368339249329939808086952747596000356060621;4.818724375797848E-12;79326970506390402934145271572
495162;369591375411715920418263580187508847871021;352213194450145478629351359089886633895865;369591375411715920418263580187508847871021;0.0;0
495163;369599725746234915067381357084607034255957;352715235772463863731758480562686616775809;369599725746234915062868121912660245135817;-2.6730065160142857E-19;-4513235171946789120140
495164;373517973373745050891361548621331265545153;355586141248570535677925323013246036261238;373517973373748399107649155591206491413892;1.867191408125222E-13;3348216287606969875225868739
495165;376700468711145918407157386111777991397250;355637972641743748620587249243050735168878;376700468711145918407157386111777991397250;0.0;0
495166;376903929935533034845739249868435131601533;356121143767627836503592694262235698548144;376903929112456220918138246278222415623801;-3.960377628282951E-8;-823076813927601003590212715977732
495167;376978293312030292372560958975597400357019;357026804930052865798960403364841881307777;376978293312863225562878058206405925708525;4.1747922479282516E-11;832933190317099230808525351506
495168;377878074234931890282978683869815698160189;357886449551591863222102675045280179269718;377878074234931890282978683645136372424247;-1.1238672658914909E-26;-224679325735942
495169;378046594251132798862606140183302614091477;359610963705238283499966397312057674482447;378046594251132798862606140177466787446829;-3.1655150769701214E-28;-5835826644648
495170;378114027598112214993652013618805942522776;359670201836844166733839906690828501884144;378114027608801524269388155014798181202171;5.795603045754012E-10;10689309275736141395992238679395
495171;378269473542411217025671982221849241185249;359719002076614553551326780800146262010199;378269473542411217025847822553255429147621;9.47902223026526E-21;175840331406187962372
495172;380204180077564422262368658166043045586669;360034220968263453478758102382155401979417;380212437184164794478368241550707825798397;4.0937646703332275E-4;8257106600372215999583384664780211728
495173;380274490122882513131647555014834741156459;360063256870588257865381791650293349137939;380274490122882513131647555014834741156459;0.0;0
495174;380539814927396299609183414374947566508954;363910181535002833030005444430158000231179;380539814927396299609183414374893430825814;-3.255374418822854E-30;-54135683140
495175;382718538517467950831346179232614926293289;364490970502712166007066518458929489872209;382718538517467950831346178991887077290494;-1.3206800205486454E-26;-240727849002795
495176;382718538521072641026261271155888108249574;364933756883010293567832501348230683737128;382718538521072641026261271155888115097569;3.8504802248143256E-34;6847995
495177;382782634516179867474251863642047974491204;365533601188274098418078588694218603242369;382783041939202912155963796676576461086364;2.3620049616667275E-5;407423023044681711933034528486595160
495178;384516152482135189938824691605892291500193;366699326548888478207794177262610849947562;384516152482135189938824691605892010275865;-1.578419910783476E-32;-281224328
495179;384594015585849463098593619529564300818961;367871474080548251621110307473396170966416;384571706911876527637822815297312087615345;-0.0013340480551872686;-22308673972935460770804232252213203616
495180;384741740670086285107397282883356417426767;367981644214706264737840668328492503577215;384741740670086285107397282883356417426767;0.0;0
495181;385478051801552690551498721126640504071423;368676207468736348643057756954908743523084;385478051801552690552627029919418778971369;6.715386539884379E-20;1128308792778274899946
495182;385508526372717336869391941655539870763385;369514602116719511224223059549826181847765;385508526372717336869391941655539870763385;0.0;0
495183;391305188271198735463897285593846417833233;372005515656932429263229248917558276670129;391305188271198735463897285593846417833233;0.0;0
495184;392673903598430527705651927884128554646477;372059891411364717270690668802307376336162;392673903598430527701138692713015455046693;-2.1894016216527286E-19;-4513235171113099599784
495185;392896995524050412280531798782674694714605;372121928587488186545254627022247411075471;392896995524050412280531798784342073755317;8.025866033565286E-29;1667379040712
495186;394632775414096724521992793875624516664621;372784489923724157380951702440926599350025;394632775414096724521992801290042265950707;3.3935924869497168E-25;7414417749286086
495187;395137224363578975648363453195666309447371;373638730441559966301077885038283162145890;395137224363578975648363453195666309447371;0.0;0
495188;397050481807948335804101562566952710405059;376922810040273785947648167284536182370861;397050481807948335804101562566952710405059;0.0;0
495189;397298963412051993460810136496488267811081;377286261384849563473512262156231534413634;397298963411734685578198440446944791430553;-1.5855324392497963E-11;-317307882611696049543476380528
495190;398958696870093484690870409024649813891133;377777570012716122857177651562541643896789;398958696870093484690870409024649813891826;3.2717806029221196E-38;693
495191;398990797096495429587938374065072511044835;378051168068255174071141749755094676959109;398990797096495429587938374065072511044835;0.0;0
495192;401077449078596472492584037213038321522719;378772899508261097334321910547987473370007;401076054786512827511539057149989630833279;-6.251155528822528E-5;-1394292083644981044980063048690689440
495193;401262814821680821017401500119823460386431;380272519894992092109663231459347447589732;401262814821680821017401500119823460386431;0.0;0
495194;401489920791277196418754447621738001955469;380597541869290884622539769956166180421485;401489920791277196424395991585629376455353;2.700287978194019E-19;5641543963891374499884
495195;401911323421425753241770539891674732606121;380725093117339910624216670156008573587893;401911323421425739862284875126890969046453;-6.315179941277472E-16;-13379485664764783763559668
495196;402028990593271871667719201812794092292994;380781179260611667611466551405056531098075;402028990593270583892223968285725801710549;-6.060744210647596E-14;-1287775495233527068290582445
495197;402262361670672474753237314264504102468969;382772316635892707570490269719391414123554;402262361670672474753237314264504102468969;0.0;0
495198;403630016919564440182082596530065096635929;383310651783661532729602884703533242689064;403630016919564440182082596530065096635929;0.0;0
495199;404160764948755606623349115162850821759289;384404356569988014836056183004033062476485;404160764948755606623349139877575949652089;1.2509725783181301E-24;24714725127892800
495200;405796966293860759142162542077510426319069;384846806427253661454035130837583767306201;405796966293860759142162542077510426319069;0.0;0
495201;407702047209741297680991876468628763837100;384856440846043043752542218385372587779385;407702047209741297680991876468628763837107;3.064046490410963E-40;7
495202;409220158289289041654827135386670209122179;385048883687439354455887745227723174458329;409220158289289041654827135386670209122179;0.0;0
495203;409435232211549363032348955346800010189081;388744588836706050053056857935173026418969;409435232446714167098543304845073667764275;1.1365755999260956E-8;235164804066194349498273657575194
495204;409537865678455140892162809965314707267289;389569348710740143879371464484100706951554;409537865678455140892162809965320120835603;2.7110517635098446E-31;5413568314
495205;409561646878277581663009939478812276891799;392213616899677310902075649717536086820697;409561646878277581663009939482980724493579;2.4028362914532687E-28;4168447601780
495206;409803776175521652991630724288953005690080;392247213727966935181825939970561442125081;409803776175085354653845577072815206696434;-2.4851011642425195E-11;-436298337785147216137798993646
495207;409811138914805276593058911204642160805395;392694014309262177546518302813749764351893;409811138914805276593058911204642160805395;0.0;0
495208;410999981188795969247624841537585823919165;392710297468829272659251605528213831472923;410999981188795969247624841537585823919165;0.0;0
495209;413998507302299341746929248632475653175614;392996165282466208993970179814285246637681;413998507302299341746929262227867506381084;6.473274190262657E-25;13595391853205470
495210;417474124683636794342421040857176324531571;393160838574266134462961904460391389052122;417474124683636794342435694218121496932869;6.026894463897583E-22;14653360945172401298
495211;417599573125537557779046244791346879363341;393212052149368629351742763954970685695383;417599573125537551088175103551982629616149;-2.7435634592698335E-16;-6690871141239364249747192
495212;417687449976919589495512990483925256746909;393659034361064545883280953864630758841971;417687449976919589495512990516027787155011;1.3360236031092822E-27;32102530408102
495213;418283382758069904687421433109490184035276;397050885176295824377064574091456709255872;418283382758062950699747171613754341038100;-3.275162353123629E-13;-6953987674261495735842997176
495214;418661011108545637858274504831346479589974;397240833733387991494323836127645119521894;418661011108545637858274504831316704965094;-1.390026999240984E-30;-29774624880
495215;418699914440427185337075145243425693420047;397853687253181800802903648081242876319143;418699914440427185337075145243425693414965;-2.4378512017317866E-37;-5082
495216;419442244125356464783955454270134486735856;398743322158225540073015810457282966243047;419442244125356464783955454270134486735856;0.0;0
495217;419591754958950268280977361725836133184070;400941267507478466379973792388369512016089;419591754994072284472681712624991208208184;1.8831688063430586E-9;35122016191704350899155075024114
495218;422716717518871908116137295475068267765257;404745087152522706923680308438939249403569;422716717518871908115873534978056435529765;-1.4676492429184828E-20;-263760497011832235492
495219;423188313188990351903416067236561250948521;406575077970018886880747984912557716741789;423188313188984170581038945906462486381905;-3.7207216388910063E-13;-6181322377121330098764566616
495220;425747115753622990832045758434033035237955;406672424312206467431561956966445828307914;425747115694068267724373163433932963546433;-3.1221853989397978E-9;-59554723107672595000100071691522
495221;429228553866245870420525450102876032764101;407365779843558775992566605855004027962735;429228553866245870427859457255934819613750;3.354563856099988E-19;7334007153058786849649
495222;429946789459811950959295146284443104940387;408482283429137664805023988991617625275040;429946789459811950959295146284443104940387;0.0;0
495223;429946789459812096390766708278681493984840;409212819568477749188221849881847639050897;429946789459812096390766708278682126739578;3.0517780305278463E-32;632754738
495224;430856972289901787298890403962520847838614;410569532985221602948453297775807292874963;430856972289187874668244145275004610417558;-3.5189883746519136E-11;-713912630646258687516237421056
495225;433269052449836651389247526172996001238421;411576225194422329734830948311388218197493;433269052449836651389247526510014989842334;1.5535964244577494E-26;337018988603913
495226;433291580078377553250855313748778316564780;412244905115496690217977115705700559008249;433291580064634125506780430719674180255678;-6.529975764966955E-10;-13743427744074883029104136309102
495227;434030279121981028722098316917783658563238;413584005942087760744961122523016738393781;434030279121981028722098316920701571884484;1.4271125576642773E-28;2917913321246
495228;434419605988583710098431287154182818256857;413829562993683210850353759712945068972921;434419605988583710098431287154182818256857;0.0;0
495229;435205075916213675074718536797877690420717;413989736798886393723753968209126478164385;435205075916570646441997304732707968071920;1.6826097631746902E-11;356971367278767934830277651203
495230;439333212424530400609086523858407113587769;417530637458461596848342832923060894829965;439333212424530400609086523858407113587769;0.0;0
495231;442282373021804095393952886676817246875254;417697341525039913695031549456187948455661;442282373021804095393952905212861620090469;7.539565029906462E-25;18536044373215215
495232;442322850880259031423029064797384353329103;417700162109492833302903067258104583785649;442322851585753443621612113292205326054685;2.8652208488140254E-8;705494412198583048494820972725582
495233;443573189436888878933842122007174097637109;418135147321809827817619120081782233366169;443573189436888878933842122007174097637109;0.0;0
495234;444708522929235710464733218526580150251419;419245114855095846038776334028014366290745;444708522929235710464733218526580150339199;3.447299738684534E-36;87780
495235;451188095773969939021167158199428020344277;420090417103193153593956189313277239918657;451188095773969939021167158199428020391709;1.5252585410683067E-36;47432
495236;451400600665646513404906314388086517872373;420090417106562140064584137178120519207897;451400601135976121537295013384633833022761;1.502161771887558E-8;470329608132388698996547315150388
495237;451421388703231040835585575716990830626201;420150387077369897038800732699401064572725;451421388703231040835585575716990830626201;0.0;0
495238;452122519834955982023550780770362838363374;421352995751237088235956464079490521161689;452132977025880795520787095254231063302569;3.3985546530915375E-4;10457190924813497236314483868224939195
495239;452289690653438848920415436113379700931705;421480215955061596120739112510108782049653;452289690653438848920532663000941080142089;3.804897315161092E-21;117226887561379210384
495240;455705811270448620034662054842411071866297;422957168354209421813003536810653427258939;455705811270448620034662054839076313784873;-1.0182889379426408E-28;-3334758081424
495241;455975552344126565732864156502721606259157;425213197902699005214224065048795446356321;455975552344126565732864156502721606259157;0.0;0
495242;455995190059930449572844739474757121155824;427143073661784176403094367965060060889957;455995190059914996266901936149510209739284;-5.356038957265606E-13;-15453305942803325246911416540
495243;457639544378933774750151685356020724519754;427224833856855402256372079626586922008631;457639544378933774731534590275179188670645;-6.1210824503252075E-19;-18617095080841535849109
495244;457747598018334040971539160526973964398870;427831684415538582636962367088587829601069;457747598018334040971539160880041476269636;1.1801996641605958E-26;353067511870766
495245;459341999157765959485249848183779036622043;430455008751714216802721491611368100971377;459341999157765444375051754739604139574825;-1.7831909480799705E-14;-515110198093444174897047218
495246;460690080472477727176857167311992937027344;431327060245273301989866907841359465739536;460690080472477727176857167311992937027344;0.0;0
495247;462962990337428458434528769615202620766459;431375435746470321645942314443687762488935;462962990337428458434455502810476758759969;-2.3194832798748677E-21;-73266804725862006490
495248;463288019919155307706283532701277312351709;431415630751188375162185997814560825987001;463284534188847036540538094539987904038644;-1.0936520290027297E-4;-3485730308271165745438161289408313065
495249;463485850531970021723150625920870131108764;434010589498983213441301691029106697116173;463485850531970021723150625920856597187979;-4.59162033199764E-31;-13533920785
495250;463496438269433208384285131200753335292269;434014745130640650483047222682974657110910;463496438269433208384285131200753335292269;0.0;0
495251;464297911129306380728713014047740800923969;436289218528290381941959173748033371885099;464297911129306407487684343580643086124729;9.553809494329E-16;26758971329532902285200760
495252;464466285964088724407350610422029952256347;437064785519102933156728335953987986907310;464466285964092330178737264531254231586873;1.315902898782293E-13;3605771386654109224279330526
495253;468052587307788384828302887399146069334690;437065648927799041672698786965888642967018;468052587307788384828302898520772693263819;3.589133746466292E-25;11121626623929129
495254;468057310394379686473268048477645387847982;444427657963966890473425037520749558056409;468057310394377368477376627978858351135501;-9.809691015332487E-14;-2317995891420498787036712481
495255;469665374013671863082981599666774109505829;444538727709486224615416673127053178071131;469665374013671863082982170576940804534451;2.2721303901186585E-23;570910166695028622
495256;471928639705281107948713266738962716902367;446051261607277082465866597420453804799719;471928639705642715307774864838613862854143;1.3973879335537845E-11;361607359061598099651145951776
495257;472091609121899045485847894598036557915257;446297621744770828336023662649837119280244;472129254981741578795434352123280831096661;0.0014594819828404762;37645859842533309586457525244273181404
495258;473573113333402625339477687455854532607617;448085754661559071840139337230058699096544;473573113333402625339477687455854532607617;0.0;0
495259;476735293652341203388100467958039304959047;448713187264686598902870583899857823314359;476735293652341203388100467958039304959047;0.0;0
495260;479721334252000916113805296865408663296633;450588505711498757450382954243719926624025;479721334252000916113805296865408663296633;0.0;0
495261;480188578190956467993291445258299709613195;450588505711498938503380676956623976866273;482519172360242586404131124211250467659424;0.07873609670731557;2330594169286118410839678952950758046229
495262;482519172360242586404131124207290442437733;451403207606612968422006157101913650058649;483578858096673573380164697689123412016561;0.034056014165762816;1059685736430986976033573481832969578828
495263;483578858096673573380164697689123412016561;452725005174715097341727175036497778458433;483631836931982599183242201572106171936426;0.0017170897729703355;52978835309025803077503882982759919865
495264;483631836931982599183242201572106839844205;453126121065607414406293758555816717925161;484040466515295106595985028392915361936489;0.013395180926172524;408629583312507412742826820808522092284
495265;484040466515295106943504136568624031119857;454849755280437865633461583041548087408473;484163332729006424578722905010480263278879;0.004209085990498255;122866213711317635218768441856232159022
495266;484163332729204742004988881017815626457799;455736386256441927993412851048250807953129;485752955010697760499407919435585303872989;0.05591955798052774;1589622281493018494419038417769677415190
495267;485752955010697760499407919435584600812169;458543848621910481184611984916290409916259;485754007344849680579711060206672640320109;3.8675807168505223E-5;1052334151920080303140771088039507940
495268;485754007344849680574069516242781270385709;459292281751951842795363267140560231847671;490047012597104172407235169119257077952109;0.16223451630859279;4293005252254491833165652876475807566400
495269;490047012597104172407235169119257077952109;461696839120767624335088447205209762816299;491492475194529994555057932046376014950209;0.05098602301789537;1445462597425822147822762927118936998100
495270;491481320857543526824672529930249908348401;461697762306410150325447503828449704354568;492263458355967071379543584301170001428894;0.026260713510131622;782137498423544554871054370920093080493
495271;492263458355967071379543584299711047964002;461698062167175508039890272810075566848697;494156116059587865586651672731103947670869;0.06192158256122452;1892657703620794207108088431392899706867
495272;494156116059587865586651672734021860992115;462599095990117767499400593054458630399603;494180353309839103202563485219537961472445;7.680462286325314E-4;24237250251237615911812485516100480330
495273;494180353309839103202563485219537961472445;467097903164172924595007125491385287623335;494224668481280591550966659901221077247719;0.0016363058439370858;44315171441488348403174681683115775274
495274;494224668481280591550966659901183182269521;467113818709683251944975477052600139349477;495639478391949251434862439803195018153655;0.05218611451091011;1414809910668659883895779902011835884134
495275;495639478391949251434861073078856566418469;467716424512778831978264045769447868627381;497684600558587924710984260962675825828312;0.07324135015777268;2045122166638673276123187883819259409843
495276;497684600558587924710984260962674349400590;467718083496811393851169348221652389170656;497685763285309113536927300834681178262522;3.880086293618452E-5;1162726721188825943039872006828861932
495277;497685763286142046727244400065488965400167;469055325985122652521857386684655787633637;497686301605881491641946956296257537100730;1.8802358265961508E-5;538319739444914702556230768571700563
495278;497686301605881491641946956296257537100730;471806780386882751381332209499022999053774;498876707368018789838250481324637158176986;0.045997982422618953;1190405762137298196303525028379621076256
495279;498876707368018789838250481324637140828751;473315783177376352457804023613059832066105;500170828174384874247975558140398769448503;0.05062887385112027;1294120806366084409725076815761628619752
495280;500170828174384874247975558140398769448503;475660487261801303657270661337144182464633;512174758098866671598359477871999837890950;0.48974961088032026;12003929924481797350383919731601068442447
495281;512174758098866671598359477871999837890950;482478089246199357969982120887169184339502;512355793090932006814305791022470142980614;0.006096138020176459;181034992065335215946313150470305089664
495282;512355793090924280161334389359846687272344;484048921649934834796548842921055917124109;516710184515053929682813871271677174546071;0.15382807079924496;4354391424129649521479481911830487273727
495283;516710184515053929682812729451343784453247;492859275291697321175716603611606107882695;517532888333190967423420378052216880243033;0.03449360401453309;822703818137037740607648600873095789786
495284;517532886451872534893865582066027619641481;492868061820290290481961346809096765565567;518643163077236829885392040633196613520763;0.04501457609970734;1110276625364294991526458567168993879282
495285;518643163077236829885392040633196613520763;492945707593404958532174163216556128307889;519595102921472870732172261875614856638297;0.03704412854552759;951939844236040846780221242418243117534
495286;519595102920838254968121138652098385919209;494177280724786849991169603919145950207369;520219604735445235321191589602236368929049;0.024569446185833937;624501814606980353070450950137983009840
495287;520219604735445235321308816489754439592921;494210847209019796695792255300097249113004;521825761861779174236343496233218983168825;0.061754473457720914;1606157126333938915034679743464543575904
495288;521825761861779174236343496233218983168825;496560155826382687817692079920313564696173;521850740285863484187576405274522499749961;9.886334825816487E-4;24978424084309951232909041303516581136
495289;521850740261430777271608161170805756105785;501876909850074026119762060759940014539425;522063620567675487983018017577506683082081;0.010657961035038674;212880306244710711409856406700926976296
495290;522063403312045591193391447328222199069089;505356495280514319299624856779395722125924;523065133174117201386312476342248968094681;0.05995902175202174;1001729862071610192921029014026769025592
495291;523065133174117200691274259990831629727945;505778486209843954363623409493769592575136;527309620372252409611590042902222607793919;0.24553559790440557;4244487198135208920315782911390978065974
495292;527309620372252409611590042902222607793919;506719633638912963140052306324343196915089;528740122840929517896353942287098178254589;0.06947563819265745;1430502468677108284763899384875570460670
495293;528740121665105497565382194795729890378619;509606245562491640204183646611149334209015;533922503696211718733704001728805553095498;0.270848520357998;5182382031106221168321806933075662716879
495294;550491338645715777957251683074565424124269;519449805293877263426550505359484847600833;550491338645993422354024049484834938966233;8.944287436623107E-12;277644396772366410269514841964
495295;552073198447004556545731302487678377611429;519951750329056875659832664992868407236557;552073198447004556545731302487678377611415;-4.358458544145641E-40;-14
495296;554253114154069729581537890867889040664285;522836104478817796245926644395590959922413;554253114154069729581537890867889040664285;0.0;0
495297;556959058547124780101214543911661886244396;523095500143731698633902608674317796209990;556959058547124780101214520432672346838457;-6.933408846086706E-25;-23478989539405939
495298;560032600870336498859340841667689316169137;525156754290644684093068958983507426237807;560032600870336500510056605502305494790135;4.733120270106438E-17;1650715763834616178620998
495299;567886821476733212900266217801423153813709;526990141127291883727086034339794264411391;567886821476733212900266217801423153813709;0.0;0
495300;567894194954438612018899817614377306297829;529121473019192426185132527728088423978104;567894194954438612019009717821466626603179;2.8344723198145132E-21;109900207089320305350
495301;569706868033599103767552004806940251964509;529191029265767452783543955486387825641832;569706868033599103767552004806940251964509;0.0;0
495302;572567307483987973042369052094325528127885;530493522638815339785567955368958653093769;572567380867623181773504552842781299850833;1.7441652914938756E-6;73383635208731135500748455771722948
495303;578733546237710517119555058911574097432324;530912880213468375211560434133809108209872;578733546237710517119555058911574097432324;0.0;0
495304;578834294015742652656648026242070831586052;534494221188290810684881996835435620001589;578834294015742652656648026242070831587669;3.6468140372536384E-38;1617
495305;580147852050344258740067461945335727927132;537502436902204191957859995524476842030921;580147852050344258750222241080340206137531;2.3812123999096224E-19;10154779135004478210399
495306;580645080176198722061796662761686617211452;542940841804172497901980818950914733597116;580645080176198722061796662761686617211452;0.0;0
495307;580976309000160010661561000128754890522078;547377485271228838512711732724331357571755;580976309000160010661561000128754890522078;0.0;0
495308;588598329946870437223652043111876037782229;554894958216350680885823370141777674612248;588616455744473447285527084578553121779497;5.378036876529011E-4;18125797603010061875041466677083997268
495309;590503224750770525728465377654587861758277;556151079378527603950529649121494038039413;590503215579343167146885747221915210390782;-2.6698266612460946E-7;-9171427358581579630432672651367495
495310;591173490259331727428662063005775608626012;571928672050973311805474566234355145269002;591173490259337393640841090891669701519683;2.9442793990992004E-13;5666212179027885894092893671
495311;597025063978142972973600967243766751376227;583682200278666910693896974632315655406929;597025063978142972973600967243796526001954;2.2315019022617436E-30;29774625727
495312;617184126235749507670772712493253263332745;587236421897096575760109172953046516844604;617184127176408723935550110486347893633521;3.141006087236832E-8;940659216264777397993094630300776
495313;629824758644342962829947635489919708304654;601355662588591946626217607363830414442047;629824758644342962829947635489919708304654;0.0;0
495314;632627544806313856857849774931518630166045;609249831143124010346283485507286433996463;632627544806313856857849774931518630166045;0.0;0
495315;633972777260202789714494604497633997621019;610613470152269259672555663019190015891409;633972777283108452448214833344869499378664;9.805797161655008E-10;22905662733720228847235501757645
495316;636509074320095287097395462810571241326165;613248525949204202481054496116986081456249;636509074320095287097395462810571241326165;0.0;0
495317;641916663434171755069745548239484681878080;630255096957627651101308869603518268130099;641916663434171755547584321981086808789368;4.0975522002358753E-17;477838773741602126911288
495318;649386752638552889749941306194988802749441;637736433579161286990239608276115811195154;649386752638552889749940544981454863651201;-6.533842807725215E-23;-761213533939098240
495319;654093818076053652308152389988385785909417;640674012436857908821868274426320061510140;654093818076053652308035163100824406699033;-8.735364036792763E-21;-117226887561379210384
495320;655013708081644615278617294539477866266989;642151468234602111016594103734742841441298;655013708081644615278613869078477696095257;-2.663191668718423E-22;-3425461000170171732
495321;672023555821493578890256502308845812275424;651099883475596047134707932356438542890753;672023601090718361849868248373121823871229;2.1635410856467304E-6;45269224782959611746064276011595805
495322;684384804390725582513536867784812368094718;653557514223190368113482693508834339951311;684384804390725582513536867608278612159335;-5.726541482432794E-27;-176533755935383
495323;692232531028531900571811505378982193050953;653557519515128388681334632138113012466106;692232531028531900571811505382733795892555;9.700327665841329E-29;3751602841602
495324;692398112223984665099308026091200629763367;655026334581100611320159323907703238367737;692398112223984665099308026091200629763367;0.0;0
495325;692508448406893368791525086545133296027091;656957845611727627332054477459491415383566;692508448406893368791525086545133296027091;0.0;0
495326;695118112744195667667506035018532164864303;694164700359218682602749172226096988879999;695118112744195667667506035018532164864303;0.0;0
495327;695226050695341863117686632039574661350565;694378023056705238677919621953892054101245;695226050695341863117684174168219245836527;-2.8983387373636055E-21;-2457871355415514038
495328;696311013252312593517243689834466611628834;697038867568395588723993741881379380791855;697208370568858599240362368705088832414724;1.2328803947680136;897357316546005723118678870622220785890
495329;697208370568858599240362368705088832413723;703852235812504407424222252614556533647695;709729597120001945281859438354632412035476;1.8846298189323822;12521226551143346041497069649543579621753
495330;709729597117205669571509176651203791212563;753047374720993945804246817711115737160512;725244666249150035093600238141686480256883;0.3581686316840854;15515069131944365522091061490482689044320
495331;728664150233117372566930691604150266157381;767260903316065606001399977131700865947753;728664150233117372566930691604180040783108;7.714282510503251E-31;29774625727
495332;728664158011245601877238944283272779873388;777292065760343022164815212478765354504979;728664159304652024241307866523777896536955;2.6598027392779934E-8;1293406422364068922240505116663567
495333;730443850341359544839651557159455286330420;777292073793854271400358302063340684120569;730443850341359544833445858799174774380717;-1.3246389943843327E-19;-6205698360280511949703
495334;733417973844539183725994905292667638535180;784756024283738208207396527694616281543593;733417973844539183725994891699568431510689;-2.6477630316568312E-25;-13593099207024491
495335;772057144464055207535023114164458450909575;795494866102217678491447834592743415062379;772057144464055207535023114164458450909575;0.0;0
495336;815185176901534796082314086261409938251153;796624759157180252496242978277951713470381;815185176901534796082314086261409938251153;0.0;0
495337;819581281208539926588319855696848630417308;816937394841915769424449172347592225557297;820784331788149952485803252730053030663925;0.4550311219109388;1203050579610025897483397033204400246617
495338;820784331788149952485803252730053030663925;842803015651749701520802776779881667140069;820784341318419601417166568698743646049541;4.3282648990144027E-7;9530269648931363315968690615385616
495339;820784341318419601417166568698776127530573;860249427997153758288959881496896207995465;842330770195645811022484921768815447640009;0.5459617776244882;21546428877226209605318353070039320109436
495340;842330770232294871396437287924358081696389;874222032747044095747760684882819013377337;842768500783065945500795982871522839960556;0.013725720346399907;437730550771074104358694947164758264167
495341;842745766578380050949690789908089852585300;879308315040909119778493978673399631747304;871037807935985798045687151200424576618763;0.7737983960992406;28292041357605747095996361292334724033463
495342;871037807935985798045687151200424576618763;884340621765161923930505930972673524897389;878195362326534967026588586741934628204093;0.5380481515009259;7157554390549168980901435541510051585330
495343;881328009009794004757931207754803268774019;892905929831931198961204574618562791863015;881328009009794004757931207754803268774019;0.0;0
495344;882329489010669704491753814465540226677246;914457507661168942315146390161277805395985;882329489039683543965185037870046042405209;9.030696784963544E-10;29013839473431223404505815727963
495345;891211807098772481419717704548650393229961;914635307285440988622709052292159945907507;891211807098772481406742153431700231880605;-5.539544053426823E-19;-12975551116950161349356
495346;896966073301942265646951112661798939942809;914807410969381455076829970022690179908449;896966073301942265646951112661798940121785;1.0031534817405251E-35;178976
495347;900805246936722160315496832842747639464663;916375708410997570929303414933081772298767;911482343247582814268992413349702214580871;0.6857276727796872;10677096310860653953495580506954575116208
495348;919960547702608944012114448989479364943441;917610366609524636932630080807661176412044;950624032530646752135172972534599964675606;13.047285980756476;30663484828037808123058523545120599732165
495349;950624032530646752135172972237598073051707;917809069060449696771831525671985046646236;961673129726006377899119662807021330196969;0.3367091115428042;11049097195359625763946690569423257145262
495350;961673129726006380939911859344472185551439;938298273804097069482753071407746872930041;969561095697184324103401323702079395105337;0.3374551696716356;7887965971177943163489464357607209553898
495351;965216270241706142701219844890447123803072;958628120752813108092134319049026534012401;1005946602268806666628379377395378971217694;6.182363058969414;40730332027100523927159532504931847414622
495352;975802109860759918157310098136234699914523;964510682136144522938497356797847077027419;1014435244342960958542826654943998906815977;3.4214570047665918;38633134482201040385516556807764206901454
495353;981222410828789986125451448753374435752439;979633579907367652447371081463264950034905;1016539858924342381680655233810815134467289;22.228575501247136;35317448095552395555203785057440698714850
495354;1005946602268806666628379377395378971217694;980771745185357299471148644509233989025913;1017198533877812522218052786117633964426025;0.4469511612998661;11251931609005855589673408722254993208331
495355;1014435244342960931783855325412742346287793;1001369267719766845002819514445220825354724;1022591531982632610696269938876934253669709;0.6242386524091154;8156287639671678912414613464191907381916
495356;1017198423802359688530842375584211657727049;1009018208843247735519360388088461290079593;1026124761689880169936413904592632992892317;1.0912106750419095;8926337887520481405571529008421335165268
495357;1022591531982830928122382646351543725305679;1017471133759557493062955238329809738007046;1027397037118389753799300289453573937299472;0.9385022269784906;4805505135558825676917643102030211993793
495358;1026124761689880169936413904592632992892317;1025804084512620560675197411062574000600019;1058052111382217648803656815707257297942479;99.56227619681893;31927349692337478867242911114624305050162
495359;1027397037118389753799300289453573937299472;1050118122702327040574829299835640355325721;1069026958056662843539817496557193538442869;1.832215313149625;41629920938273089740517207103619601143397
495360;1058052111381840845693751461293320107902512;1066045369607717329466931299259996903809349;1083269963849522200330056498836796462624143;3.154890253144067;25217852467681354636305037543476354721631
495361;1069026958056662776642389172733274720644529;1081992391771364610511318415191916972549239;1090085951272171566492828148289102033052167;1.6242413234220976;21058993215508789850438975555827312407638
495362;1106020946714545764196017218706275152969683;1092226722973485010569430035341086523446917;1109563843050270701286124690675867861861599;0.25683912355132593;3542896335724937090107471969592708891916
495363;1119748336690885408054125747168696276091305;1111109301805495385598536046235268219609253;1119748336690887468494918121077118808496425;2.3850358514681317E-13;2060440792373908422532405120
495364;1156825718837496920497220639382261460808549;1112084560916210241858181539053997950569225;1156825718837502071599201573824010431280729;1.1513117273354431E-13;5151101980934441748970472180
495365;1178872048401871310883955285202730974381593;1115453883754391198138917339754386548360400;1178872048401871310883955285331119160516417;2.024470226290685E-27;128388186134824
495366;1184319753535022528949017079452097417582377;1239503408702918883649469548892559721716724;1184319753535022528949017079452097417582377;0.0;0
495367;1258451822719890284430982753222601643171328;1243945975360871102263346433098311914720235;1258477617180672125821556313997775575811636;0.0017782112374016797;25794460781841390573560775173932640308
495368;1310321011761207830115310847917463912436809;1349741851234914242575699224108602746055624;1310296317359087982637128152415894006038915;-6.264301432829348E-4;-24694402119847478182695501569906397894
495369;1310328657693272773816459854005958280723562;1413615717926926051379923021368653552112643;1310321012701867046380088245910558550042113;-7.401693289007487E-5;-7644991405727436371608095399730681449
495370;1312792373498894400367281810965458181268454;1414637732719523657493463700901670500037441;1312792373498894400367281810965458181268454;0.0;0
495371;1330125291638643417200379812660769059727049;1430955559624479762345725287930711004807673;1351655229716706530738883465183974273022679;0.21352653829192866;21529938078063113538503652523205213295630
495372;1351655229755378433204737638810660788102204;1444913205034636715719510131221796888218329;1396259355631410590655428959686007846291113;0.47828752171024946;44604125876032157450691320875347058188909
495373;1383399274385859492640896221288902374490041;1607902795376911233366173037531785547414165;1416684558492101013964614991140010698696313;0.1482617464497058;33285284106241521323718769851108324206272
495374;1418074157112002497737199658380722596852661;1707109650544689129418037073974274612728233;1418074157112002673929387503465017872814231;6.095866834642495E-16;176192187845084295275961570
495375;1458977931158997096638174961999405056795054;1742919498804769074531600589005399816331837;1458977931158997096624071102089676620545729;-4.967169839438072E-20;-14103859909728436249325
495376;1476387738466959835907932855921797053329073;1770662475994594747167606319641425554949684;1476387738488338454459406401636271492417845;7.264850095895816E-11;21378618551473545714474439088772
495377;1477158403438370376838344742426656041975605;1794648494563768656189524876925212260063594;1477158403438370376838344742426656041975605;0.0;0
495378;1541549871341552515363188538638453093406209;1832363497179375893839786316675554868748825;1541549871342524275009000957584710613301352;3.3415203397461692E-12;971759645812418946257519895143
495379;1563710494249378400778916703525529221825744;1848325745002560906833739252464291325170195;1563711499226197166276463470557424584483122;3.531001294224428E-6;1004976818765497546767031895362657378
495380;1624935157127711340244933893128103977422741;1913295476404245024186754753183990017676009;1714815629726657279013992587109734558658313;0.31169500999460253;89880472598945938769058693981630581235572
495381;1714815629726657064942221950873194341703625;1921545526737187885696974017179777224116437;1736078312556243039230452097486657370377656;0.1028524811217937;21262682829585974288230146613463028674031
495382;1793945618549914316003620100684382657232334;2046155062818914138797784822288411734793578;1806440176288258410087556933540050874261489;0.04954040390738791;12494557738344094083936832855668217029155
495383;1806440176288258410087556933540050874261489;2246263753199546376066048412068609360315427;1839870865104204653973843619291083614311545;0.07600931503198881;33430688815946243886286685751032740050056
495384;1860757730336630840127632886386489254461263;2315209104474285095113033289620949405645929;1864962915420239020798258666881929473590297;0.00925332240789841;4205185083608180670625780495440219129034
495385;1926260021961517351481420788538586286643955;2415321357962473740254205096123281776217231;1956067279121221811019122483992276939582795;0.06094789132880087;29807257159704459537701695453690652938840
495386;1956067279093377984163693961120816291127691;2551273698908306978160508371130427682541759;1975432970391642865862285315809753435944059;0.03253609277985672;19365691298264881698591354688937144816368
495387;2179121890941778414127658116917527101745649;2560325857464693921502323194156551853919033;2179121890942888991714747582558605135547657;2.9133421596301904E-12;1110577587089465641078033802008
495388;2249739014484956060471473132296224492831884;2705111145849339251017216937212004884219453;2196379934778116344203475851036116062692577;-0.11717686707564991;-53359079706839716267997281260108430139307
495389;2368176962000920110683843877274847227141359;2721975365805992429235510041070523701023329;2309608193043570431335511210260036199110665;-0.1655427733066273;-58568768957349679348332667014811028030694
495390;2398449964798152532779117313145049453588104;2817792030759227517640885100728803857082529;2398449964798152532779122070729771912159954;1.1345355280670052E-23;4757584722458571850
495391;4195326023700970831108771301554955845950659;3185941247345989143946447280930132383919558;4195326023700970831108771301554955845950659;0.0;0
495392;5454083081823762327857605174801518685617937;5445960963881224943773691679585785061712437;6161474977664728194167435109068964449576100;87.09451165886095;707391895840965866309829934267445763958163
495393;6355743790643457556012331585070694818227894;6054980878763938916741843031308765907333733;7138386909066802638584908753662619151188999;2.602192915118673;782643118423345082572577168591924332961105
495394;6720023512226342894360129675762515117758994;6226218620790921138585591289394370391925369;7278217091755916473973939498665028663209699;1.1303929734413585;558193579529573579613809822902513545450705
495395;7138386909066802638584908753662619151188999;6377729769559088665352116157370839180448613;7504239065599544704964128716663953811944263;0.4809685435536911;365852156532742066379219963001334660755264
495396;7652754625798056742890135416785646815068524;7643856211411426195435431055570477181570225;7823685080065694962184673438577484166201899;19.20909128759538;170930454267638219294538021791837351133375
