496145;66389322550381300863467336879712572875020841109232361;66361096445149785226359953930916168636364305079611319;66389322550381300863467336879712572494414063312546613;-1.3484211678333935E-32;-380606777796685748
496146;66845458869935226820166602890173930046271619025859903;66380582318577216093143581484226086384455556458604210;66845458869935226820166602890173930046279747498683374;1.7485228712280439E-38;8128472823471
496147;66856458009928070453883871011685777819381035891536245;66662038110196495843342744766521249811026757824863381;66856457996560722769345806077083969080710871498087496;-6.875503846568001E-8;-13367347684538064934601808738670164393448749
496148;67744349746004223115853049257306691995166142569358621;66808679730334257022724844899844089604852617354778635;67744349746004223115885117185133900315552270795391602;3.427268939920746E-20;32067927827208320386128226032981
496149;68127419790110334060542479083413242363717531687260267;67414581567637084705832322325481373907502791009610017;68127419594055901353984193375920047529824259823599345;-2.75033558142171E-7;-196054432706558285707493194833893271863660922
496150;69800089861717690779677400053199328309189977024256345;70588494428516825347660586241487194704711821923389865;69598702895482338801486586541958533468055235303061785;-0.2554360726916746;-201386966235351978190813511240794841134741721194560
496151;69971099916130928699603123409264754839610521190111878;71504768608845922247016995800855489754594615053718884;69937535421758370009409786287745841665704123453311211;-0.021885101086037546;-33564494372558690193337121518913173906397736800667
496152;71373030703672022671625105288797170224204956923330891;71538016302311509632331687080643609282423687792967890;71373030703692689566034933020336387208744174667555291;1.252648387510921E-10;20666894409827731539216984539217744224400
496153;75152390072463556147867504369171830557989468647723181;71576928670281136282951737208473856293832151381398723;75152390072463556147867504369171830557989463234154867;-1.514089429323897E-42;-5413568314
496154;78477332030418049133989034440574380166481217390058244;71593810107657485717589884004481574790260395229881232;78477332716608563606943034416800562085107668912829968;9.968596340254912E-8;686190514472953999976226181918626451522771724
496155;78555213785772917328205292789055197561190202341599409;73262282670420944354892431451765289831203402176137964;78555213785772917328205292812469297474528573927828828;4.423654758216396E-27;23414099913338371586229419
496156;78556411190536565478260918963693728655155361917801625;74190088013070510194497477472284154195816550545493256;78556411190536565478260918963693831228681978124610711;2.3491968516112946E-32;102573526616206809086
496157;78710828490305144269998270381765708491849256844614376;75963924181888345424772069543864166146525140295327321;79583505343999936275760487381716533299854200278755193;0.3176946685113201;872676853694792005762216999950824808004943434140817
496158;81846946812377302665005602633067902784203275787188781;76069975349162456300662084057717552603760790764877771;81846946812377302665005602633067902784203275787188781;0.0;0
496159;81848033459973870267114515394479537094311754818733049;77681562371940154990486893676689004577062902654375890;81848033459973870267114515364375694348735428060125473;-7.225261404557891E-27;-30103842745576326758607576
496160;83680647431827874683791350054969408609245307571560521;78575104485811114112748667873481776169526871595075911;83680647431827874683791350054969408609245307571560521;0.0;0
496161;87149948289554729055012798809540731187529438831338821;81397396148391233416910755144992345552009703403568545;87149948289554729055012798809540775147612274351281913;7.641839961945777E-33;43960082835519943092
496162;87234778638175061987559746960358495885767464829685861;81842614295080547641706254134259789716789399318624139;87234778638175061987559746960358495890710409995876585;9.166903773103496E-37;4942945166190724
496163;88095111361912306053375895820090996702168120737442089;82121140894782902782989012398498351734172205409122062;88095111361912306053375895860229453696462472028121093;6.718891098499451E-27;40138456994294351290679004
496164;88222372457054203657210749836647545872727960530017621;84904113653032181696506107533669529350086006521144847;88222372457054203657210511855736026716347993592775077;-7.17186107457027E-23;-237980911519156379966937242544
496165;89322773365522557111295976861971725342234826685497076;87015280182403062531938082852655804611514152501662097;89322773365415089257307730205107270479153336867052674;-4.657342209044411E-11;-107467853988246656864454863081489818444402
496166;92179652188550079391976906192095382687470562217444241;87019778778443381727352285792396658744265597524907433;92179663512603189293472408872967976084176371693915797;2.1946377769115336E-6;11324053109901495502680872593396705809476471556
496167;93365540461360071685785299544420954715673700336624061;89659177689945134450778567294090559324028477142064774;93365540093758010360988513842871214402123815064986451;-9.918134947822751E-8;-367602061324796785701549740313549885271637610
496168;96646557260127097056904067024949496259084199112217016;92596511086325447571151178119676876762650106995472959;96646557090807359719422466475453463635360549038401479;-4.180686591494994E-8;-169319737337481600549496032623723650073815537
496169;107824714887978150625531400383454468933674423258603837;94116180965937562897422586649986208076005595717251377;107824714887978150625531519373910228519277573942230661;8.68002781597766E-24;118990455759585603150683626824
496170;110321016424753528570300469832100221480588753321157275;95638238566658868411385864738059489151922799923838575;110316076196144580537977640991703498329451018711740519;-3.3646416616079695E-4;-4940228608948032322828840396723151137734609416756
496171;114912009529379500466159986399646216239191438498383669;97553096627964190796194176277755131815599400411010209;114912009529379500467806140028109576685679354101410027;9.483045613583013E-20;1646153628463360446487915603026358
496172;115693542911733119549051767464786423676202720111314068;107122485543078740145425474250763753154788285024181116;115693542911733119549052144267896329030616657301354035;4.3962266695749693E-23;376803109905354413937190039967
496173;118971636649144366373194126956206810820634202668063159;113939577773046898982071650321329538471387829665782365;118971636649169166647191533636186935173916890666580443;4.9284546560472944E-12;24800273997406679980124353282687998517284
496174;121338845524563035559020960028102376805743407980145028;133689864571182546501581636819064064978608421673288453;121344948166587926269542949748860689675791878085188225;4.941002845073753E-4;6102642024890710521989720758312870048470105043197
496175;123271907376103260876106216139795200193026785591815553;144155872987040885216822445033860469883477964973308331;123271907376103260876106216139795200212798566256578449;9.467445519258929E-37;19771780664762896
496176;156299521336404445309453394506258000244601042326272505;175352159993620037584595411266824002727773368223429755;156299521336404445309453394506258000244601042326272505;0.0;0
496177;173691987186770398770398031386371662883378885447960743;187172812098693073585006748607915137269863926108601401;173691987186770399141605674604906905802505268779496003;2.7535973921761477E-17;371207643218535242919126383331535260
496178;196342652254604939209879940674167693941856132731974381;219196968596521463309590448926391722509087972529758645;196342652254604939209879940674602092827075768568453591;1.9007301672066025E-29;434398885219635836479210
496179;198987692503876621142609282886077688823851562648831299;221757167292774223725960771419174651893741408894897521;198987693435292244900743971947846421465577414372011441;4.090632886325042E-8;931415623758134689061768732641725851723180142
496180;222117586775808561797013498566840450909338845940322326;229635291560562587682042980440477310670420601941198412;222117586775810977408117130484702039555112405901276371;3.213229533209124E-13;2415611103631917861588645773559960954045
496181;232023149203168895501697510280380615878171628003028417;230425552342147153973076905501652573872430858019539034;232023149203168895501734159340754568244327203118494681;2.2940117915926236E-20;36649060373952366155575115466264
496182;257115304561624508517992672354792522914714706111409889;257343762038749274104486268069318667572347765483983025;257115304561624508517993544951468093209853116733138713;3.819514627195813E-21;872596675570295138410621728824
496183;257644345557131870625294257858045808632226620814422361;264566231619123172943638886614764131558754626471300296;257644346475659618997886473984400273831073025755788318;1.3269905631881323E-7;918527748372592216126354465198846404941365957
496184;260935556932530022124593126450876374039550581995270561;283869236924235563252090151632923127249337952833277273;260935556932530022124593126450876374039550581995268097;-1.0744023640737809E-49;-2464
496185;287245594224566722179751367945107522803356296932970561;415799874793950547735797699278595100088318505782536021;294137519224034019453197060065260719911159088312680785;0.053611011387112543;6891924999467297273445692120153197107802791379710224
496186;308460182712620115539097583366563339785625619356546121;452909074685557658943890765281769212803455789380988361;308460182752085683622750853650588930017830484959983481;2.732147512148943E-10;39465568083653270284025590232204865603437360
496187;342066959650579066952701714582197905729591591047448918;465080836988065419751648489188709403014162537288723996;342066960439899105232272941695371156784874660376312378;6.416512147764321E-9;789320038279571227113173251055283069328863460
496188;493909236295286526969690585577169623809273717901951554;543789454909434014477932753138759984214106497674909505;493909236295287439533885290968361779519899284998311971;1.82951121719134E-14;912564194705391192155710625567096360417
496189;551238676810813984362619706332165546181142207992655461;720052826257738371038934492281466284732211481824548416;551238676810896693771374364552996017484716195354037681;4.899435801183376E-13;82709408754658220830471303573987361382220
496190;667787292942296911771111746835130799425839915819408044;950475889361491017539826705017133837138461478298970581;667787292942296911771112559936578790321369366842668266;2.876314992151863E-24;813101447990895529451023260222
496191;977531556283536128910409371844801634490177002819255317;998225550447644417949965992025557347892728955285928950;977531556284924944254264145960178104632459214699168741;6.71120003630589E-11;1388815343854774115376470142282211879913424
496192;1621473268836292169006345353556478068605021398949820381;1879112493443901678099502872517242148720553977611686246;1621473268836292169259853012339835577364160477605835909;9.839637546241477E-19;253507658783357508759139078656015528
