497320;1066224360427821714416210449169756843582204297732075582524433354792;1066426850780298996349465108799092807711644355302348334033343048548;1066224360427852728014679478031203028805008452426649336450879426156;1.5316086959011235E-10;31013598469028861446185222804154694573753926446071364
497321;1066827344096154921196764437148933728386327713876842097735108774785;1149324887030897589707007013512241706879538865970683323494130842612;1066827344096167776398113975580845299848265210745321801086435807689;1.558252633015649E-13;12855201349538431911571461937496868479703351327032904
497322;1068994590332240309950824788691509286878749756435214702525659232533;1439005622651682371737109174351803481393564558381396105379235455311;1068994587185856185089960904792498982878028901769409258275465162773;-8.503487328844001E-9;-3146384124860863883899010304000720854665805444250194069760
497323;1191004413375395983333194259734426871917917638303258384069144829908;1550265589427731025870474680388823169236150116356861657766752076978;1191363520431533749832518566953740713125838558184451547364530746275;9.995710087122075E-4;359107056137766499324307219313841207920919881193163295385916367
497324;1204648337650762668950530929953390705367085891110925327018185872638;1744340576612462768750761108818807820299765360026892532103371268941;1204648337650768699371356407166832425671542383992296589811121397298;1.1173814241018149E-14;6030420825477213441720304456492881371262792935524660
497325;1205525507139885131182018434426607024635420035524440226762186410190;1811387894497448829604069050397352637376325529458725667062006854671;1205525507926500182277382381098089935256054065644484949613643872237;1.2983394703311148E-9;786615051095363946671482910620634030120044722851457462047
497326;1206784921315106868521613874460846961116941919538965132155671592111;1853170730061593460155358795691169168488878731574622836607973796885;1206784921315106868521613874460846961116941919553618493100843993409;2.2669682327322674E-47;14653360945172401298
497327;1341274291409658323064861896043593975199056237214704191647507225873;2060599584873326807206432403743950196234705634810245769650708385273;1341274291409658323064861896043593975199056237214704191647507344453;1.6484892311935532E-61;118580
497328;1517048710118291675806412672522723647343845055006439034921235774141;2157546224881685447131314813432237144623675936832793204244152003190;1517048710118298836231878950644760485456665598025896749571801123141;1.1179474238745884E-14;7160425466278122036838112820543019457714650565349000
497329;1677116289940630696830002128383911184724864293427991986557709630615;2311614756294303930601219710292139507329761105752661444869262196295;1677116290053210284834591102483197891289909991144529578272543673119;1.7743082761343734E-10;112579588004588974099286706565045697716537591714834042504
497330;1691583560076761098244121525124687180830535153105496703524333924474;2689918576818863066107601178803561915055917602270992300072761887484;1691583560076769053029287895935088873870169027753346283741651900885;7.968051839281279E-15;7954785166370810401693039633874647849580217317976411
497331;1993079965611968310011715024881343126331124211174991555604359534643;2728417137206616102436651458755182460885043423734040968169175447528;1993079956959564819351711976434205415555399075953864693945400332249;-1.1766579774413488E-8;-8652403490660003048447137710775725135221126861658959202394
497332;2038783415312293250294217111764620324795384365771154647392302236525;2750604669690129586661921095664308464888179420597818558967288275443;2038783415312293485245688974866485565597815914701153308595745041972;3.300708856585913E-16;234951471863101865240802431548929998661203442805447
497333;2228929988226856456872763632477718731535905205947245809990785932668;2750762252923933153740334349552700980838136162925679415995557734358;2228929988226922869819144938092354437134593098261700299227915066434;1.2726876215647245E-13;66412946381305614635705598687892314454489237129133766
497334;2787500172427202400038884848549053940075412262649435954949888340712;2774867466084714801300949078269103413361600516557535567055988196718;2787500172427203311511063199461017501996465458070820867648312098082;7.215177442108001E-14;911472178350911963561921053195421384912698423757370
497335;2899321702460242522560385457131115078190572890994529447047196758773;2861939513346446971704033791759026832737807569435796229084745547853;2899321702460376623903618270118002558661984339356475384450642698201;3.5873057841688605E-12;134101343232812986887480471411448361945937403445939428
497336;2909684174947543105682735341939768594891320807028043816317198910709;2869227673058621693586700806205120839711074348842966167418186016688;2909684174947573257786866857257477748921045952499574928643788853235;7.452968675913167E-13;30152104131515317709154029725145471531112326589942526
497337;3201375088087871694871216896065874730453808892918506978880991083596;2966222751792206265282701618273157013487753874465362826838811619323;3201375088087872086457009198455960626515163592299322944597569380873;1.6652430440241734E-15;391585792302390085896061354699380815965716578297277
497338;3253645608554217629241686456916530876694418558632240421212130830733;3697990319896905276640844857924266393606907197017608464586333968892;3253645608554426355644024608557954303610581142977531035926516621497;4.697398146304876E-13;208726402338151641423426916162584345290614714385790764
497339;3257286473533967879614377898596380951422095247733085527333170063645;3837642458054355253254522270787875269617018572955665815340490132493;3257286473534081842260937526202484095657005440061541170755741370869;1.9636679830881315E-13;113962646559627606103144234910192328455643422571307224
497340;3283098290574339225620811005438670035554004898600418659494898537621;3887720232087274410695516763743443046239758866567157385746128955164;3283098290574340657705914419255310462181090298941475041538895809269;2.368562906980078E-15;1432085103413816640426627085400341056382043997271648
497341;3506913618695192126612166926584677495494200333999969217559259900205;3914818468630643492301797936946553969240446536826122363448947066927;3506913618695226944180996193067447765499749895633814010170661209709;8.535708470928003E-14;34817568829266482770270005549561633844792611401309504
497342;3545323116134468016040907684956904945297466353615588748295126109669;4208330194778961494552507120720187928887840467782798589363530698803;3545323116134578286608195385500943085581178601560233179646629892261;1.6631883857582157E-13;110270567287700544038140283712247944644431351503782592
497343;3978388782151325847459714350463346631841251598898406711819653060435;4846839839338134877969739429663429550363952462770682838368227401378;3978388782149847532869660400784817678918530908745844046273496882685;-1.7022428354715621E-12;-1478314590053949678528952922720690152562665546156177750
497344;4098434135012234258530067563231893181341290783106932653161492600777;5378785209891458334516450292144116552927568892271164227176565041345;4098434135012263045678123759613553062759497025952648105480422255543;2.2483792626105996E-14;28787148056196381659881418206242845715452318929654766
497345;4162987477427204124747093418087649196808206339481328950373342680805;5727451649074216151430679011002657231108528218307647392209859134933;4162987477468176616296292633517358833457340788705371086846598147861;2.6189472594993875E-11;40972491549199215429709636649134449224042136473255467056
497346;4171812958513512280677808843890760184986732561805526217332590972101;5746725396128646251805300517764791317215427274125950160592379733061;4171812961659896316033565864641791622278035701017948091954616862333;1.9978152182989166E-9;3146384035355757020751031437291303139212421874622025890232
497347;4328205468735602068381470717242164618573995261972637768850342836631;6388603002153740521715502150973123831861178796367703640841859438828;4328205468735647738470833805821713606788474914743932161660053536119;2.216566881990159E-14;45670089363088579548988214479652771294392809710699488
497348;4663640214081588225901959767076246563201611538614525135408328844341;6580688069829714970362324625199557742717783626359826073850443630425;4663640214081753631730237920947374214681171618509904753227520820725;8.628153323465384E-14;165405828278153871127651479560079895379617819191976384
497349;4744245514229066596143230639476790769341842509409104949706739262716;7458468602635277004481930747731421224719556126866583048223446648696;4744245847352514614123677680084157465919773404029888067450016897690;1.227325231448054E-7;333123448017980447040607366696577930894620783117743277634974
497350;5571940096137960137541387027682436974768863831881780369108871431446;7794541114422280943215541427006008961771673666536539457102382820615;5392207019655646541957599982616901755520562560073177075977933891141;-0.08086610012491305;-179733076482313595583787045065535219248301271808603293130937540305
497351;5666735605322827776783254885449899201139721475866137139355122958709;7844258394848715042693588922903385469922269745088014737521721205695;5666735605322828022964408814227325133221514744244550734133811048159;1.1305560387837711E-16;246181153928777425932081793268378413594778688089450
497352;5702506477323340702867738393091561384196386890923873657674325543272;9785009855342597479725025847000047053320474533258689221161212641261;5702506477323372577949239308991118036188053856547834730693178248048;7.80772936344293E-15;31875081500915899556651991666965623961073018852704776
497353;6272036833357913879474360511767593398555501824821719102652919156223;11340958313222151361897684974914115294241485120389584253916224382973;6449807545308654111127598580853239090601884148088616831533923928149;0.0350707172436811;177770711950740231653238069085645692046382323266897728881004771926
497354;6449807545308555476266778233181747781189145481428120510469202952535;11372660462807306821573177806132742988436982601310092650687246188026;6576200501251118299399716272613476242360878626880534819461991185175;0.025674737405476197;126392955942562823132938039431728461171733145452414308992788232640
497355;6907098792216558845156173176721457315503942458271423911075153145813;11824442865229350313210288248857977154193981169092938934251915220824;6911048969721665386474459878121561159451753337246456997514481828093;8.033152544247976E-4;3950177505106541318286701400103843947810878975033086439328682280
497356;7304100259404929985955453537485317972193220227038960192986299663959;14596483206012991595573037739981571678849607784833858728907376510094;7304100259404931507545875914665498217806492652264927233719878220301;2.0865476121010958E-16;1521590422377180180245613272425225967040733578556342
497357;7764153465807035645244522797185132936867044260178367741370037457013;15601869181593619608294235623696585055069748298316907583160329606193;7764153465807201051072800951056268309081989731880062080323025795605;2.110383104926815E-14;165405828278153871135372214945471701694338952988338592
497358;8010546907531509141606975761251930577073125739323604865958821002351;15700269199234497556973648971412704562727724731623387905639622788562;8010548058515663407194801556149083166773946851792869151418547170801;1.4967824722454152E-7;1150984154265587825794897152589700821112469264285459726168450
497359;8592207082272211463138438553740894646401484489068529386040653806433;15724917477392924815654976464836209558618709206346937878315541905701;8592207082272538828840231640320524984910308189595922809642606070613;4.589639613253164E-14;327365701793086579630338508823700527393423601952264180
