497371;37934571224921066022498802687475457132914908492460289933016741296381311829;40204429443042298614696527105810120816104504746782223871750819033042276631;37934571224921066027606569123937902636259833858591619274019900621320953672;2.25025792169969E-18;5107766436462445503344925366131329341003159324939641843
497372;40365300942170853188795518564511584081232606536976174932981903791856437020;44845847135055611030076940915527663521598517527603365620554860186190222601;40365300942170853188795518564511584081232606536979519804398111036320593790;7.465320682373503E-49;3344871416207244464156770
497373;40850472450854211572272493441772080836977748521625140920934468952422964279;46181592829659286741675999037996033341516990572142277902880347768719710399;40850472450854211572272493441772080836977748521625141485088865341560414329;1.0582285829298565E-52;564154396389137450050
497374;44071610646149801723273875800855691742667221849025638875964904903998070468;56799729323590148318555381813616692164718148528621122428427666369476130378;44071610646149801723273875801174280195815379063300315317569981470776500197;2.5030286189335412E-29;318588453148157214274676441605076566778429729
497375;52012307315748161925646950835400688434270639937740036956584764211528105461;61031486300629438889198641414366524696822629034440944174120932371370625358;52012307315748161925646950835400688434270639937740036956584764211739023707;2.3385526149725967E-65;210918246
497376;53879772036356361016017298998826931888418315278475368007658566451427378455;64577895853407699700576811629207606214969481745612290520598665170182208788;53879772036356361016044005148182697752915480514830583256363423584008442498;2.4963395276094982E-21;26706149355765864497165236355215248704857132581064043
497377;57080552035018381150528829808471454592797936154104122202780747573525800062;66835382941613624693936106756683577938780175391058334078624573063895055753;57080552035018381150528829808471454592797936154104122202780755285153863355;7.905445145214323E-61;7711628063293
497378;68567482920974575670945594063329341682480552382213476361289149396808978021;66835382941613624693936106756683577938780175391058334078624573063895055753;68567482920974575670945594063329341682480552382213476361289149396808978021;0.0;0
497379;71355158644831990903116925707882603858620365950024610504677124608673950024;66976209045033279494578397769636253956154335343030299526302944693337555728;71355158644831990903116925707882603858620365950024610504677124608673950024;0.0;0
497380;85638692182209354225116745358031946796904370009632793917678762901330909126;72491906414616667385439255733334065669355655860521712589783865923453710492;85638692183466228886296805453522163159698609283060787689378453504822176135;9.560319027014972E-11;1256874661180060095490216362794239273427993771699690603491267009
497381;93573050886238036584419029582879054371138146182032446928806764021739486113;74256448004604735016525833284930431846634746156914944626691538498288946598;93573050886238036584419029582879054371138146182032446928806764023075301671;6.915375162938853E-65;1335815558
497382;95930543478186288098005527077790133479684105733404726151000197690990791788;78419744948980809632491965503055968484728878020871427853789486798570597710;99332631897146343028070634184928296006103307932974610403097406007370777997;0.19428516713763017;3402088418960054930065107107138162526419202199569884252097208316379986209
497383;95930543478186288098005527077790133479684105733404726151000197690990791788;81923992327097552921233154683079427395604869529662718870946403122203457928;99332631897146343028070634184928296006103307932974610403097406007370777997;0.242892656604878;3402088418960054930065107107138162526419202199569884252097208316379986209
497384;102241205631059263907786394938079176056457819770418257354367191241273606280;86942781538453998331230078522399422100704762563174668538624403995502907188;102241205631059263907786394938079176056457819770418257354358541087232772513;-5.654277844876163E-58;-8650154040833767
497385;112458350719470896720520753491735878352108707573895703518517186497742362509;91011446054997273309944746307708301943293586202483109209440017791652091878;112458350719470896720520753491735878352108707575956144310890963197330551389;9.607170939622147E-47;2060440792373776699588188880
497386;116072783195462604914104239088163376534376464046443969770428859135698388885;91043414557851838817284847725971801377776993747077430437837204389060481943;116072783195462604914104239088163376534376464046443969770428859135698388885;0.0;0
497387;134831464903398200824444937700438015629158239276222344943508762719165219965;110807552765311156617951830307522426061340948418597494722326005557513889708;134831464903398200824444937700438015629158239276222344943508762719446444909;1.1706042811992782E-65;281224944
497388;134980938676458602544073802159286074358553925266897450158925553939106842197;142409886267899206148719228168434815833183889220507346052017520044117766624;134980938676458602544073802159286074358553925266897450158925553939106842197;0.0;0
497389;172882160738415022785694053398747647630342801742852848622898189455917097885;201109060569244139094018526555542896339130185636612945776275814381811004349;172882160738415022785694053398747647630342801742852848626133347067188926777;1.1461257278202492E-55;3235157611271828892
497390;181519600664942609396486809505317569938066345650739137073904470110868045813;223190048078512375851286489374191304123292421498146423467313802316095616629;181519600664942609396486809505317569938066402151373880250468959955837722970;1.3558922029903002E-42;56500634743176564489844969677157
497391;189484479127444556046455374225098684420412500216511270254721969038212644504;262420228426095276244696739410230083804892214487409424088890991492828573405;189394617246497955713775871521223279428254516351418569745329713915735212447;-0.0012320690718983637;-89861880946600332679502703875404992157983865092700509392255122477432057
497392;195712781453107743495604939952108288439903317706305312816998390465665071960;276283020013268961960619614151616419418781925194458979047761926756719963913;195802643334085051750747053497124476143432035320184100366270929997629893950;0.0011153235063367602;89861880977308255142113545016187703528717613878787549272539531964821990
497393;207095576548580474215127532023222947613143495333456592016102263313330822895;326622160454506010307633586948272980759678931444822572841377725785605056433;207095576548581413017490787384244016907080864905658139055783027892368283387;7.854339449659615E-15;938802363255361021069293937369572201547039680764579037460492
497394;232415991972733619174534735895105025872788182840628456899949518277424133877;387973606840145027327339458200891124122878208275198670071065961703645487529;232416019651627397456069752982833869630984879276985956582178890689386736399;1.779333901581962E-7;27678893778281535017087728843758196696436357499682229372411962602522
497395;241132467865643317850660505171521751597939959484724459630303385004478401799;425205439010329185513632669075870884688764334236363387735303638497750094357;241132467865643317850660505171521751597939959484724459630303385004478401799;0.0;0
497396;274003795787483368357391424461034683597309957170343037097239059781044543205;551005343282331406138288632701624747942860946699354041199708671431400546133;274006418894955279345940740809272033519763954054823923355281650031922095781;9.46964916129133E-6;2623107471910988549316348237349922453996884480886258042590250877552576
