494064;33409746834281052362610012812233132906;34249254314386370891971248014864924324;33409746834281115715389132128883523531;7.546422232160322E-14;63352779119316650390625
494065;33551971305577216701430593181022403757;34734929272989023604154627580394622347;33551971305577216701430593181022398132;-4.755029472692876E-33;-5625
494066;33573867869505001923195642499463061235;35094826694429178064417349802583953753;33573867882868462933353704480632592485;8.786208272813872E-9;13363461010158061981169531250
494067;34283011578464940980764298112028164452;35095727754781094717589124521072062107;34283011578464940980764298112028164452;0.0;0
494068;34334708010505743667559151376883657047;35134963128815303642530868633415317039;34340345720441224619822043143241078922;0.00704489081855536;5637709935480952262891766357421875
494069;34408086504806684456760565959311852183;37236388994196565009604054429799596570;34408161674272490869457444383384117808;2.6577590653193608E-5;75169465806412696878424072265625
494070;34447188944270201368464106016778800424;37282318262465238820862034902092024057;34447188944267825647693651610041362924;-8.379585210479536E-13;-2375720770454406737437500
494071;34689138156881867264582307335517575028;40591668223160114139132599057089258815;34689138156881866842230947014472653153;-7.155429207112067E-17;-422351360321044921875
494072;34711683052886207928716782573127587808;40592791730617109511364055608824903844;34711683066249668938874844373977197183;2.272269012942992E-9;13363461010158061800849609375
494073;34723649830578752771531151114353946180;41014730089731703549601106618025893828;34723648828319177009675488046695352430;-1.5931438393329333E-7;-1002259575761855663067658593750
494074;34729349776713883156875251469672155708;41081995753983161331255328076912549104;34729349776721010336004583287299108833;1.121922920753641E-12;7127179129331817626953125
494075;34734258921734839108355950878669005708;41548260775165087691294302267458409941;34734258921734839108355950878669005708;0.0;0
494076;34813161743913327464318831313353917894;64281242785284947875213358374444205626;34813161743913327464318831313353917895;3.39350227317501E-38;1
494077;34835489169032867094414270027017330781;64321687114910300477391470351087332422;34835489182396328104572332005845467031;4.5321072030673427E-10;13363461010158061978828136250
494078;34870215380455182226034593264647656859;64405891002955772621183198318597424607;34870215380455182226034593264616016234;-1.0712680286851415E-30;-31640625
494079;35095273782523465617011841754099573205;64411238154187747593197231768779781095;35095273782523465617011841754099573205;0.0;0
494080;35119037521338851664232448393274946884;64693250877326971385950919397160317821;35119037521338851664232461919642134384;4.573703119228094E-25;13526367187500
494081;35151203838115737908209407980731878923;64784132660707293061988943228453583203;35151203837937558428073967154315863298;-6.012887932953841E-12;-178179480135440826416015625
494082;35202914673287883142521871394406856599;65092941961774300702263298794846233108;35197276963174222287772191828977169099;-1.8861508754234194E-4;-5637710113660854749679565429687500
494083;35236140376988710933544033838590300039;65583563002259066872748574238806570390;35236140376988710933544033838621940664;1.0426132522256697E-30;31640625
494084;35241332989788373264996273177766203426;65983990759089489366415017126040777491;35241332989788373264996273177766203426;0.0;0
494085;35241407425340310360862146855161891554;65990453345526489465317119987643218132;35241407425340310360862146855225172804;2.057990682516007E-30;63281250
494086;35541328698624500773783690898744201566;65995260221681672360376865577024700232;35541253529156318634685086687286779692;-2.4683009523820286E-6;-75169468182139098604211457421874
494087;35568398713429191557255728356552016663;66001437039159269845423912853058268591;35568398713429191979607088677596938538;1.3878054363174167E-17;422351360321044921875
494088;35574401956090664779286348476903258208;66023464819673661927508973060163140632;35574401956090664779511602535741148833;7.397733711775212E-21;225254058837890625
494089;35985510804972348079469175593250394515;66045778111045857812893057826018453692;35985510804972348079469215638416410140;1.3321626720043868E-24;40045166015625
494090;36364437156585469464945929364822742582;66057275021371840398382545821108995643;36364362000480748352899401502273914457;-2.5311189541179533E-6;-75156104721112046527862548828125
494091;36365639706664875257859621128957226605;66102902871842565300042090798553271859;36365639706664875257859621128957226605;0.0;0
494092;37265498634491625537898519306483435953;66401927202951388148564318410786685860;37265498621128164527815542011561560953;-4.586513058278168E-10;-13363461010082977294921875000
494093;37271202646110993032930428122341050146;66412376574575035580755165399413830632;37271202646108617300897270773708237646;-8.152492548822199E-14;-2375732033157348632812500
494094;38562990553751562027115411108448994153;66423505824533787355794597814941114219;38145800005340690046458756750538837903;-0.01497425816989058;-417190548410871980656654357910156250
494095;39763378847550841524334933077570924383;66813018788218113252625014842944415629;39340550589026277418108966204279908758;-0.015631566980263974;-422828258524564106225966873291015625
494096;43553192993565916289256296860024451346;66829033789375824613705388008017825084;43553192993565947965608334818344763846;1.3609111832239657E-15;31676352037958320312500
494097;43980313153546481214766894872232117582;66835055484477815544296587158848437423;43980313153546480792414533422036805082;-1.847985662383026E-17;-422352361450195312500
494098;66390154395415464883749777711399821578;66875570960088919162470345309009087895;66390154395415464883749777711400665328;1.7381977901137367E-30;843750
494099;66812509614032892927826213917803281957;66897070480863401003206195595162703980;66812509614032892927826227266192375707;1.5785539569391142E-22;13348389093750
494100;66813715389797589620264116055225546558;66897149432015057277074445855802412102;66813640220329407481165471805752890308;-9.009448204153018E-4;-75169468182139098644249472656250
494101;66858587469544880277478934264306754842;66902856405462826127991416222256515561;66858587469544975728886393695214958116;2.1561712627643387E-12;95451407459430908203274
494102;67292934683640312634006637408812426672;67681017769263012100189875631886414766;67292859514172130494831907692715911047;-1.936942653955811E-4;-75169468182139174729716096515625
494103;70206556656703526085836388949577336507;67714763625230557184931601448740277269;69783728398178993656037530306999211507;-0.16968835420275125;-422828258524532429798858642578125000
494104;70279696578257596799098976651054957108;68081967665196518009709591708961018128;69851230609441256133043337374931910233;-0.19495851661684577;-428465968816340666055639276123046875
494105;76960841842378488578201869881312473640;68082568953072317967038627884088757004;76960841842378488155850522908656223715;-4.7571340984728696E-17;-422351346972656249925
494106;76962260081317326466219920836430080646;68521338150688946389507489259680933207;76962260081139146563733119688969143146;-2.1109057037983604E-11;-178179902486801147460937500
494107;77383976927167644301426826497532197507;68972797917910925792411145098323961091;77383975924908036863220153826702119382;-1.1915804030982984E-7;-1002259607438206672670830078125
494108;77484769138364887097229893106062133080;69767118899194895847951846192902424378;77479131428255977695284826429900023630;-7.304956734493995E-4;-5637710108909401945066676162109450
494109;77979380441544649746011631876201123903;73579036677815112263610030213223545019;77979530780483389750610726089091748903;3.416527135429617E-5;150338938740004599094212890625000
494110;97352284989215396300396357757336052582;95187180854390871345684541929980015025;97357922699326681012024222595045818207;0.0026038979006160505;5637710111284711627864837709765625
494111;97352880733524929876895812937796687962;95199200124606519066725520355527093068;97358518443460410829158691355733375462;0.002617709381853161;5637709935480952262878417936687500
494112;97352903729359609951123426591595813265;95221005323514332993369846673363343133;97358541439473270383520744706829766390;0.002644455335302498;5637710113660432397318115233953125
494113;97352903734778040061987035557093728207;95226570670690489926496414022264970830;97358541444891700500016706806361306332;0.0026513767804667455;5637710113660438029671249267578125
494114;99815751202277642476624008077595133132;95254758112744886801409781260996544057;99815752204537218244110008138630289382;2.197459097378639E-7;1002259575767486000061035156250
494115;100340142073844121310016256914518061124;95260626463183791937585074414443401883;100340142073844121310016256914518061124;0.0;0
494116;102421714322906373068017343515669359837;95576566666691663380439384849521318580;102421639153438190929143953317915453587;-1.0981423916238316E-5;-75169468182138873390197753906250
494117;104958172615072891834044570801477950406;95632710198760309105669139827460256970;104958172615072891834044570801477950406;0.0;0
494118;106672398150023807414427740120625444485;95638114475238111296768015189478210526;106672398150023807414427740654560991360;4.8388781964622626E-26;533935546875
494119;109513650952606042436937217922555595982;95650301083054815287016730458290999995;109513726122252404056171303539498533482;5.422184902562266E-6;75169646361619234085616942937500
494120;129421230863406955161835578603005166022;95656313398947295767441124430464453124;129421230863406955584186938924050087897;1.2508585598220529E-17;422351360321044921875
494121;130306724447337640693300699681763208919;96456635725678161639523758251342645620;130306724447515820173511225552788599545;5.263781778406835E-12;178179480210525871025390626
494122;131133391819118481719237462393015019383;96456636954050087957926384474936043480;131133391819118481719237462397729472508;1.3595427667163576E-28;4714453125
494123;132791321753947681262568695468714457547;96851215296439754582827951126126311900;132791321753947681256937357346155863797;-1.5668674018026457E-19;-5631338122558593750
494124;137560892500709303368537205614206598083;96873378409436706292875534789641938207;137560892500709303368537205614206609333;2.764976000933197E-34;11250
494125;158600213503636710912593507567517820502;96873381254784133992080853119595849067;158600213517000171922750555071179929952;2.164935494548314E-10;13363461010157047503662109450
494126;159881250416345230944363614955270002404;96879922043740941213595949511070446002;159881175246877017134544284742868080529;-1.1931410044124842E-6;-75169468213809819330212401921875
494127;161115014889331536316541662569013127788;96879932960938181791745324333445714528;161115014889331536316541662569013127788;0.0;0
494128;161582710339079071213232755372919063046;96917876647013919980557965333468965947;161582710339079071207601403902066719296;-8.70852231317708E-20;-5631351470852343750
494129;161962542706610737726874878941952550056;96917881716279681758449345876798840591;161962542706610737726874879119930643806;2.736244467112475E-27;177978093750
494130;162368006793930223381485816135150684547;96917898674868027132087925622405877079;162368006793930223381485816135150684547;0.0;0
494131;162399878646127904346864307320888304212;96918403837539314454723058846383709062;162399878645949724866729867623622679212;-2.721066998800546E-12;-178179480134439697265625000
494132;164909792103663796535479528450828584828;99449438114569687679279194058141516332;165332695531654135383683663887840303728;0.006460451284158895;422903427990338848204135437011718900
494133;164909792103691891267978442078186745982;99456046855620451081168327187981591243;165332695531684605836951069708770339732;0.006461103583758261;422903427992714568972627630583593750
494134;169153863330294714985898451792002860972;99456205321536536501981654839608673661;169153863330294714985898451614024345347;-2.5535795708176494E-27;-177978515625
494135;173129974399402067894594263038226881321;102820863811941969920633513168421345609;173129974399402067894594263038226881321;0.0;0
494136;191130903250051511861497994989977720173;103187391997882612369325566995151920141;191130831087364432728733750910387876423;-8.205572651314062E-7;-72162687079132764244079589843750
494137;196616493465202566367301326619303308969;105232887835298764523468499047445382344;197039396906558741946431976185953699595;0.004627782395333581;422903441356175579130649566650390626
494138;199180478793797517650405628171832690673;127310084146495290016936517853587783176;199180478793797517661668331113727643798;1.5670851672883804E-19;11262702941894953125
494139;200094990702514047354366401926684500602;127717142987945869097942046258643358919;200095065871982229499096397651850516227;1.038570095073643E-6;75169468182144729995725166015625
494140;200095282490995489864526222012985909908;128580156623135917098490266779273725955;200095282490993082461772392056931222408;-3.3662847189532734E-14;-2407402753829956054687500
494141;200095341573519773011629721742373367430;129447688510958128944388283647503287344;200095341573519804687981745820742513680;4.48370903362176E-16;31676352024078369146250
494142;201328350193096663341894470732870753702;129815115898216474784114610940950867447;201328350193096663764245831053915686752;5.9059188762111705E-18;422351360321044933050
494143;203083655416747250148946235928025985854;129819626065960675397583236076318907662;203083655416747250148946235928025985854;0.0;0
494144;222007938856488628323997246844526844279;130255233094154757723613489366968796871;222007938856488628323997246844526844279;0.0;0
494145;222063839945627610272461592495553720677;130654610414022886627386500352551968341;222063839945627610272461592849200986302;3.868835427638371E-27;353647265625
494146;222075347784930048197326582867463540124;130654610414048828663300948125142588253;222069710074816387764928263623078780199;-6.166773836869228E-5;-5637710113660432398319244384759925
494147;222127665747798350693511034045073675053;134053553312450759565443628488223151647;222127665747798350687879682574126409428;-6.39387819557201E-20;-5631351470947265625
494148;222132859709414839292849764259022706299;136704566973641109107819765362714677994;222132785542206232921237120063466065674;-8.68180859422859E-7;-74167208606371612644195556640625
494149;222470507089926674400067687210122517669;159418735631602898397888607633666439397;222470507089926674400067687214900252045;7.577478420504025E-29;4777734376
494150;222492237762389346459693415758946877268;160703242516464994547773481769287242582;222497875472503006464109023389317971018;9.124133013041465E-5;5637710113660004415607630371093750
494151;222554334850768118943896914410040288954;162001029566993930777847457390572426818;222554335866391155710278273510382085829;1.6772379839660493E-8;1015623036766381359100341796875
494152;222571164967432517677342996677628608835;164497703964474416413442296093955403747;222571164967432517677342997211564155710;9.194140277738962E-27;533935546875
494153;222588153896877375969060566887355915858;165844908306251086019989360006332715897;222588153896877375963429215950344197108;-9.924266542028733E-20;-5631350937011718750
494154;222594025307009627557582927230680893210;190284145115157820030532106121000109322;222594024304750051795728278996550033835;-3.102021950593965E-8;-1002259575761854648234130859375
494155;223271462403159245405596923807352596018;190312760696027978124356070860751127519;223271387233691062844146932400126033518;-2.280716905978643E-6;-75169468182561449991407226562500
494156;223299026799917761283165788431887375633;190697067081408894660707738691493554001;223299026786554300273007726806643235008;-4.098974762726096E-10;-13363461010158061625244140625
494157;223299032571325794249480130962642789306;190808452239660528707986942355353974616;223299032571325889278536189849361544931;2.924818673253169E-15;95029056058886718755625
494158;223339698295938762824859422179410332626;190826192218671439577865503609863499993;223345336006052423257332826288052910751;1.7339594506549346E-4;5637710113660432473404108642578125
494159;223339710668841040042039473712737174832;191569465916762963787460751005072737518;223345348378776520988745084216887565457;1.774525182124128E-4;5637709935480946705610504150390625
494160;223399982280967761634337340840068634633;191569933903578022682376442464340845609;223399982280970137360742136754443634633;7.46378508957434E-14;2375726404795914375000000
494161;223399985332130192512887021795727020105;191586906156008697976171853862156000000;223399985332130224611590406195141082605;1.0089782006544122E-15;32098703384399414062500
494162;223400004240358217358504972408519585830;191614503371096668320424402985486497595;223400004240358217358504972408519585830;0.0;0
494163;223400581592780891915941898488753547112;191615694256480645302155091578004653699;223400581592780891916016983175032843987;2.3622763071286923E-21;75084686279296875
494164;223761766788403177026781207232856344424;191625773835625176660469135834749530691;223767404498516837459179526477241110049;1.7543288990462267E-4;5637710113660432398319244384765625
494165;223761773066949430792428984410234144329;191626894334030767866626884257633367272;223767410777063091224902388340898206754;1.7543897272857034E-4;5637710113660432473403930664062425
494166;227629695135369658818119522629087710689;191626894479084862476026515208232043221;227629695135369658818119522629088554439;2.3435676797902432E-32;843750
494167;227630139040617790312128151378620395044;192055656838918052385237864061175523144;227630139040439610832067795238483676295;-5.008631722314788E-12;-178179480060356140136718749
494168;227645404561002667727387939856061016258;194535276306042560723928131107966453357;227645404561002636051035915777691875633;-9.566967479001851E-16;-31676352024078369140625
494169;230531836916126984878801145436616007484;196193142882398631050251564748382399607;230526199206013324446477910878573819984;-1.6417951446036147E-4;-5637710113660432323234558042187500
494170;235115823605323412339608173156107482503;196215841170839070381565446605860589622;235115823605145232437196456694894201253;-4.580462284573225E-12;-178179902411716461213281250
494171;236372666158612233167640193825250165413;197928732693242042416275185768351681783;236372667160871808929494842415338061663;2.6070682300620394E-8;1002259575761854648590087896250
494172;253738602105590158000992352905334605393;197929039389637594249120418354654757591;253738602105590126324640328826965464768;-5.6757929076237E-16;-31676352024078369140625
494173;254165487159149976982361598073576726957;198325114360788335003555097458706935632;254165487185876961933030410405607976957;4.786319218745076E-10;26726984950668812332031250000
494174;255145938167194829624710005718613807197;217869310418647848046344388800456907951;255145937164935253862855357128525916572;-2.6887077407395633E-8;-1002259575761854648590087890625
494175;255478554084887997172517701755475966952;222030540471109735117604812661580971253;255472916374774336740344636391982211327;-1.685514176942958E-4;-5637710113660432173065363493755625
494176;257085233677683220664760093401234912926;222442621878510430115255878172705245650;257085233704410142685076217361264209801;7.715042438270869E-10;26726922020316123960029296875
494177;285409826306428650260442147782504770430;223326616947868398491482218101126371201;285409826306428618584090110355746957930;-5.102241389371587E-16;-31676352037426757812500
494178;285449065807025906966788307656646405708;223794553915059644686733364068604456822;285449065807382265921427838194488202583;5.77993310958261E-12;356358954639530537841796875
494179;285460340161587892576852772890549834205;225367551692462163968172074388403637927;285460340161587892576777674853508818580;-1.2497013194786135E-21;-75098037041015625
494180;285482816850825542961835647926062804305;253736496282152721971108564125881417966;285482816851003690765619091370887023055;5.611604765285435E-12;178147803783443444824218750
494181;285484558736519202353305791055731065636;253764983657341722970286378611858114202;285484558736519202353305791055762706261;9.975109982091372E-31;31640625
494182;285589562557758370191556503990703162281;253787240729177653348533308078316100205;285589562557755994465154697935039099781;-7.470292309509906E-14;-2375726401806055664062500
494183;285839645431821621881810583190994623207;253822353840048168979562833081066119292;285839645418458160866021209784012201332;-4.1738261893529406E-10;-13363461015789373406982421875
494184;285849353211697531441576682481750070525;254131060854295244286270916823517789682;285849353211697499765224658581391086225;-9.986777241022517E-16;-31676352023900358984300
494185;286717853216528986150850665886112268747;254137152626842414948814377689495913353;286717853216528986150850665886112268747;0.0;0
494186;286722901504447458913294325428902785347;254148204315832044697187608398994552957;286722902506707034675148974018990687222;3.076803968302539E-8;1002259575761854648590087901875
494187;286751159225570489457612832523900253163;254148725714935283168271607002145511016;286751159225394686554213269688206893788;-5.392324574244262E-12;-175802903399562835693359375
494188;286751159241397214295794272699611830860;254153690951866916896495663489195189508;286751159241397214718147621930568873360;1.2956630419258944E-17;422353349230957042500
494189;287117850963776352975330457206655289253;254154458721526166088753410007837843832;287117850963776352975330457211401383078;1.439807465845941E-28;4746093825
494190;287140381905271808841269555580425033105;254188352000385746839499819691159158031;287140381918635269851430620949077376855;4.0554287698614757E-10;13363461010161065368652343750
494191;287146998663686049165938019145328355178;254978069452663339961248490092047892503;287146998663686112513009714701968980178;1.96920050648906E-15;63347071695556640625000
494192;287157524370096196715719419720226727109;255399552644446342194575017731605875736;287157524370096196715944673779064617734;7.092835171710932E-21;225254058837890625
494193;287258324688243489842106115953563557223;255422321800708069661952858017134921961;287258324688248241294909714360545979098;1.49247781525322E-13;4751452803598406982421875
494194;287280875646389086304734424090369666508;255434220761876504986720676586210967122;287280875659752547314817401385259900883;4.1961898537047897E-10;13363461010082977294890234375
494195;287280875699267974573371976620507377402;255445035144619006182356727480031516883;287280875685904513563213914639306205527;-4.1976152591977353E-10;-13363461010158061981201171875
494196;287280875699329716058328557058619514075;255456975063325039913291257912505698207;287280875685966255048170495077418336575;-4.199190150511912E-10;-13363461010158061981201177500
494197;287281102348014297349777326864475076483;255812675036567163511939162660846136644;287281102348014329026129390988010232733;1.0066074084547837E-15;31676352064123535156250
494198;288093752155513086784779752119214229835;255812675048849418481786126560714961882;288093827324981268923878396375806026710;2.328592318458362E-6;75169468182139098644256591796875
494199;290991919312131647798284928783208005637;255816903377610647581971491200385949366;290997557022245308225051896556645505637;1.6027597895492464E-4;5637710113660426766967773437500000
494200;290992231818433285490436969218244373503;255822678722312518192576484217000947484;290997869528546945922910373326886951628;1.6030087440270253E-4;5637710113660432473404108642578125
494201;292247994951343856821082670757306695546;255895889572163349175401780451392415879;291825166692819324391208727430853961171;-0.0116314654712322;-422828258524532429873943326452734375
494202;317144281065671092039751246842156095307;256240476650545861761794362077632812497;317144281065849271519886687668667032807;2.925588669649521E-12;178179480135440826510937500
494203;317155101381832541527307243053706535233;257508504182377686977331279295634550007;317155101381832541544204300853999503983;2.8328619893923137E-19;16897057800292968750
494204;317160665055374078074352625142386210985;257519477040393258675507830549414979457;317160665055374078074352625142386210985;0.0;0
494205;317161518016921621959908042577314021258;257519477040393258675507830549414979457;317161518003558192626102005208512458758;-2.240605639076823E-10;-13363429333806037368801562500
494206;317177878716387831766578241326788391158;257525131670957639555541618843312884268;317177878716387831783472282213262578658;2.8320641920493727E-19;16894040886474187500
494207;317178554305123605459986338227939282828;257525277089657842473495128859614108104;317178554305125949510035132246493970328;3.929457287530714E-14;2344050048794018554687500
494208;317229752691702034099130820871776116936;257525342020975829558816169129909093836;317224039812120191527633857370799554436;-9.568605598252167E-5;-5712879581842571496963500976562500
494209;317594767566518043244567308499140856653;257959895088810210569407542370698045078;317594767566876777503257284059687731653;6.0155114580663246E-12;358734258689975560546875000
494210;317651891554856842430313375708245348026;258009888385009067727002626516915817646;317646253831379720987756994482659410526;-9.452605844016343E-5;-5637723477121442556381225585937500
494211;317690611769562768678493975845236063329;258016419294405021684544160752354400099;317690611769562768678493975845236063329;0.0;0
494212;317731596038453318861846394586864278906;258054997267379589974261131933674726383;317731596038453318861846394586864278906;0.0;0
494213;318423595175790293223661230525895769039;258061147250789452252187814411644179283;318423596178228048465651319942399675289;1.6606976517710137E-8;1002437755241990089416503906250
494214;318429443345302360630210503718716333764;258355282456049178672211034081729015118;318429443345304704680260325385220240014;3.9019272431335776E-14;2344050049821666503906250
494215;318435635278445565903680932992576401122;258360551401819148490749905675126985097;318435635278445565903680932992575979247;-7.022462105361122E-33;-421875
494216;318463734629625188725818880276893631960;258770905494880874622184056551149001852;318463734629447009245758524134352225710;-2.984939441522407E-12;-178179480060356142541406250
494217;318497853552445444379988374023367199383;258788200273555491209245161408533763832;318492215842331752271240032958914068758;-9.441873807840874E-5;-5637710113692108748341064453130625
494218;318847836681073288781081014946589984457;258793911111032099946262100164787454826;318847836681429647741351896601795062582;5.933982781113259E-12;356358960270881655205078125
494219;320082439313548445865651698490801800047;259199738038958665845105972508876278983;320082363141820687959067054173174846922;-1.2511226697114026E-6;-76171727757906584644317626953125
494220;321349947568306217901986364921051575028;259617845774062908757250210416203753980;321349947568308593622681734641510559403;3.848436431482822E-14;2375720695369720458984375
494221;321357520710041053255430968436713492583;259622359816646800273047701067306292726;321357520710041053255430968436713492583;0.0;0
494222;321357520751934831064549202370097300146;259622639582684721746997499364918862967;321357520751934831058917850899150034521;-9.121830907082427E-20;-5631351470947265625
494223;321383535655729333937586372934868464359;259622717811686536112423165529839959201;321383535655729333937586372756889948734;-2.88173832274093E-27;-177978515625
494224;321513276776751295494963523387227614930;259628133850118309337199369075681435642;321513276776751295511782493113790114930;2.7177718158463303E-19;16818969726562500000
494225;321774711497930656207052544865087734026;259994890709702823007677607348551345466;321774711497930656212683896691992030901;9.115196119146647E-20;5631351826904296875
494226;321808094867692020725725112152616425747;262210725332953908485708515036215374992;321808094867692020725875281525175030822;2.519731554109521E-21;150169372558605075
494227;322658255511459945287006327730387888757;262644459164570945000978926936935198982;322658255511459945287006327728014841882;-3.9541689069017115E-29;-2373046875
494228;322765744509574491533116669164697090753;264324266193363743170244089342304009623;322765669340106309394018011559716622078;-1.286234885699123E-6;-75169468182139098657604980468675
494229;322776422676841319940324803180160673810;264335478497211891175791610472547412668;322776422676841319940400888997962986310;1.30192656656005E-21;76085817802312500
494230;322781470579014087124234053677737879750;270193948309024124973753906189961587824;322781471621542225396773400375736770375;1.982462936588053E-8;1042528138272539346697998890625
494231;322809668534769975048218395088093502235;285410879747296993498615823307837982503;322809668534770006724570419166494283485;8.469887141021168E-16;31676352024078400781250
494232;323041264948349359936912917029246518427;285432087493640074817413041340720376946;323041264948349391613264941107584018427;8.422505932820379E-16;31676352024078337500000
494233;323041316903157107401759443713508046656;285837917429797729495959274224233243554;323041316916520568412143760882697499781;3.591999978376607E-10;13363461010384317169189453125
494234;323041470261362910621318416140371516152;285866180116174277876206451172132343132;323041470247999544640216466439443781777;-3.594690432518786E-10;-13363365981101949700927734375
494235;323048331717574737124909073655737803429;285871818779396113010790328844184562654;323048331730938198135067135636938980929;3.5945977591767034E-10;13363461010158061981201177500
494236;323074850318917037673185590274107384131;285888430284441653996519043596550626716;323074850318738857770698789126646446631;-4.791531487075424E-12;-178179902486801147460937500
494237;323142888695801402805001475487325335555;285889421478573175745217971068264148781;323148525403655487475545146141622210555;1.5130693261962796E-4;5636707854084670543670654296875000
494238;323464150987909440724802368798568291333;285950296826697173719678533947804596717;323464375494314653197568233431415830935;5.984626486195675E-6;224506405212472765864632847539602
494239;323480782589049936530417452570502811230;286345611991471970585208375606781040783;323886979246433973154675310998276166333;0.010938327489749829;406196657384036624257858427773355103
494240;323481014009254762345858961075373052826;286700581223283967947416904165879767616;323903610847574468960515648829047733105;0.011489719024755419;422596838319706614656687753674680279
494241;323481292646570624570898592035218396264;286706131698512475413235829192249721559;323903842267779294775732904404230474701;0.011490082172733012;422549621208670204834312369012078437
494242;323486622836838240913360859965434652508;286711839684900925328752854394581585604;323904120905095157000772562060853161889;0.011352835624672394;417498068256916087411702095418509381
494243;323486622836838240913360859965434652508;286724016070191448588887546049145431199;323909451108726234353467950139751053133;0.011501585689282737;422828271887993440107090174316400625
494244;323887203752839185627442176760273252810;286795953317209503038302894113956784697;323909451108726234353467950139751053133;5.99800643703239E-4;22247355887048726025773379477800323
494245;325160654981235913366239130804913226226;286795953357623020330468823206270272826;324737826722711349260013163219708148101;-0.011021283644346647;-422828258524564106225967585205078125
494246;325172399205515470246752979298569054277;286795953357649092530896143026144043021;324749570946990937816879022621322960527;-0.011017910835222394;-422828258524532429873956677246093750
494247;325178258451516877515269679491330998133;286796182918712751627619011632373982807;324755430192992345085395735989241154383;-0.011016294784870415;-422828258524532429873943502089843750
494248;327343189287359763095013806929743612531;286812866356938125012037655508069654773;327343189287359763095012805800593221906;-2.4700744479861714E-23;-1001129150390625
494249;330759349998815737099374301042185971558;287135044753467698979817539688420793172;330753712288699700940574215965250034058;-1.2923323556281386E-4;-5637710116036158800085076935937500
494250;331993779879528400287706341782959981748;287145798931887096366470014914791407272;331993779879528400287706341782959981748;0.0;0
494251;332027764563090822434714717953603476101;287156997165854102955443789717534906244;332022126852977130325964374452871054226;-1.256432737996653E-4;-5637710113692108750343500732421875
494252;335726689721231582858857946367085466653;287156998044769930173466348717889027183;335726689721231582864564382524312029153;1.174896516790547E-19;5706436157226562500
494253;348840786171500008364169255987182251802;289689457750029497504911307577188343837;348840786171500008364169255991928345552;8.023646935167195E-29;4746093750
494254;348969073475864810949248068831883390955;289689618099248804236934593506305581266;348969073475864842625600092917403312830;5.343563267043932E-16;31676352024085519921875
494255;349026202242138670272188750027766331294;290967246298284277791207575870710595344;349026127072672863853860560177912815670;-1.2947092241739684E-6;-75169465806418328189849853515624
494256;349290422846017349189541082082933293297;317166301610649466812285623941059157807;349290422846017349611892442403978209547;1.3147483700069165E-17;422351360321044916250
494257;349307622698466132681775681604082086346;317555385772429009137872639523662454522;349307621696206556919921033011621148846;-3.1565006840195016E-8;-1002259575761854648592460937500
494258;349814354157275600794967962047383085527;317556136492110303297208130574714797484;349814354157282727974173379680439726152;2.2094150642160446E-13;7127179205417633056640625
494259;350249912223637625892011427401691180388;317560868172569699253751474687981506087;350249912237003462628571295260577899138;4.0887817691087285E-10;13365836736559867858886718750
494260;350570335383993358676826200085808456293;317578535040952852072958706723461081561;350570335383993358676828202344077596918;6.06895728126881E-23;2002258269140625
494261;350581003516688051595629164845821529769;317578538996731642994309421094818110171;350581003516688051601259515189991451645;1.7060393598075923E-19;5630350344169921876
494262;350581699989643162691658402327866226234;317584017323326250744359636123994548277;350581699989643163114159932021469741859;1.2803975781150262E-17;422501529693603515625
494263;350614923906203918322842949087606221282;317589728288922994682540963466549151883;350609285193830682973292741940390268157;-1.707397115396588E-4;-5638712373235349550207147215953125
494264;350616785476089988821405563644663738303;317590705490386872687822124811171882479;350611147765978704115409050809527019553;-1.707047919015897E-4;-5637710111284705996512835136718750
494265;350688204144492327659141352225386640078;317646102332512114177725258855979819945;350688204144492328926195433188521405703;3.834665506973693E-17;1267054080963134765625
494266;350690300909112150438945287733032947222;317972729385863104934243163063795379064;350690300909112150439020372419312244097;2.2949345805186622E-21;75084686279296875
494267;350690301040982959133760788906335318150;318435146348357391822251207978439127727;350690301027619498123604716191003286900;-4.1430466347170653E-10;-13363461010156072715332031250
494268;354370071910867744078247317771593802808;318818763072216385172923016999635329826;354370071910867744072614965171527787183;-1.5842883944521687E-19;-5632352600066015625
494269;354759376524306384870065385578531289683;318824242572322211825919738341377423577;354759376524306384870065385932115274058;9.839506507682761E-27;353583984375
494270;354771025007843743178042392663657231747;318824252422273930130197473294049264354;354770949825366083262654762201010747372;-2.091494514033119E-6;-75182477659915387630462646484375
494271;357335062342811525053428698900017058185;318846864400199082588979772536958455360;357335062343165539963649798753627605060;9.198012095784566E-12;354014910221099853610546875
494272;357335224687272329541701847106386368853;318857922530020591312981675330256388758;357335223685012722103495174437929337678;-2.604807383173856E-8;-1002259607438206672668457031175
494273;361966127025603031359461684822024904458;318857997686341412732864400123422209204;361966127025781210839597125648440920083;4.133315058353975E-12;178179480135440826416015625
494274;380581603486962509110207292342005427274;318858212971313446183821185559458507037;380581603486962509110207292342005427274;0.0;0
494275;380585198416805578384645541027531765933;318863330563057256799391283871138321002;380585198416805578384645540849553250308;-2.883556862645911E-27;-177978515625
494276;380587002083420998899535899347873993327;318869039393326973841884527559612648166;380587002123511381924378733820530243327;6.495739858774939E-10;40090383024842834472656250000
494277;380658270168999716239175593390315032843;318869340086694288777311153173700367747;380658270168999716239175593390315032843;0.0;0
494278;380726151139970718525848157860746209603;318880165649721735364121380617632716878;380726151139970718525848144514730590228;-2.1579437231991743E-25;-13346015619375
494279;380739678610765834190724495529289497213;318886032557954136690327480258338049827;380739678610763490140674713737092248463;-3.789671586668314E-14;-2344050049781792197248750
494280;380969113855351014559315213783037162335;320516449514709785569769464448365798580;380969113855351014136966856849443412335;-6.986430813929513E-18;-422348356933593750000
494281;381013444893376758513611921817514715854;320881253212643560287045874346868468916;381013444893376726414908537418100653354;-5.3380231931050805E-16;-32098703384399414062500
494282;381019330160533669423000983814442559531;323046584646249413725471152422754790584;381019330160533669417369632343495293906;-9.713791232398547E-20;-5631351470947265625
494283;381109286015921149911680918772588014731;323046585620007497909293958588339893131;381109286015921149911681919901738399731;1.72422078814553E-23;1001129150385000
494284;381115072918051295408061001095853159585;323046585634226027770761200618759060858;381115072918053671134465810363362925210;4.091248999129716E-14;2375726404809267509765625
494285;381155058141873493777691845016943917552;323052297524557808651660740810031133066;381155058141873493777769933090674386302;1.3439649493555576E-21;78088073730468750
494286;381814454926071486565730204409889909733;323059134900196075645287508757795027406;381814454926071487832784325418190690983;2.1564925873100505E-17;1267054121008300781250
494287;381849551883375882646174286936002374460;323059281229198871916183006305461757555;381849551883375883068450562570799640085;7.182757809004827E-18;422276275634797265625
494288;381866615456840926193068206347324847236;323114382627256623699029847028015777583;381866615470204355526874244250156456611;2.274539824310638E-10;13363429333806037902831609375
494289;381899237810083861217152634659464896859;323164317083926169133453382776507112347;381904875520732060089957263034740678109;9.59856688065318E-5;5637710648198872804628375275781250
494290;382321400978811558989323993516257532668;323463920654158650820827817433440706245;382327038688927563471772094559958704543;9.578578771818548E-5;5637710116004482448101043701171875
494291;383084363832499857131183956458505540127;324799915535219203453105637877009455945;383084363832499857131184957587655930752;1.7176608506000633E-23;1001129150390625
494292;383084732599515447654070603312796137653;325177943687857688605479678954272648557;383084732599515447654070603312796137653;0.0;0
494293;383144869123432945359636383028579144608;325634748545656382226112492518287823976;383144869123432945359636383028579144608;0.0;0
494294;383928814539567183246182364530838656859;359432898880188135425451522913893098698;383928814539567183246182364530838656859;0.0;0
494295;384429896203607478966269265295472657056;380551913296807476050694012472019578283;384429896203607478966194180609193360181;-1.9361788869063003E-20;-75084686279296875
494296;384791840253676027787901167754133483074;380585137267313768223712426999550719942;384791765084207845648802523497541686199;-1.786897445002215E-5;-75169468182139098644256591796875
494297;385762280047726666893734716411791291096;380590540460066812012880392809559886180;385762280048263644413246892925463166096;1.0382918753168543E-10;536977519512176513671875000
494298;386082791639458129847174642495973434043;380635938732169243929639251190501996458;386082866808926311986198202066285934043;1.3800532061651329E-5;75169468182139023559570312500000
494299;386083092371666066202154047283002386403;380641279904571761089414349904120307271;386083017202197884063055403026410589528;-1.3813314706575395E-5;-75169468182139098644256591796875
494300;386126775765528021574920200173985201332;380669838180407109412261724124571275526;386132413475641682007318519952305513832;0.0010331271021007133;5637710113660432398319778320312500
494301;386189019049846773844500127297938148303;380980978843794018149131300940635371895;386189019049668594364439771157801007678;-3.421238565963391E-11;-178179480060356140137140625
494302;386499863832486769611016673058504974803;381002312779920885578306450598670787107;386499863832486769611091757744784271678;1.3657842475924337E-20;75084686279296875
494303;386894097314926828789720183145731503174;381003893103392460332793783492505206451;387316925613541744250068312240213925049;0.07178499818171344;422828298614915460348129094482421875
494304;386921698166396325699483980710871678329;381069747837648158298041851730628198525;387344527427180433891212559103449803329;0.07225441725076273;422829260784108191728578392578125000
494305;390757150832692336243187207803806246625;381086889431137540475843793803294582241;390757150832875267176051175706464857250;1.891685501227051E-11;182930932863967902658610625
494306;390767742000280189938712410012500584221;381099665180519318391543324193591344144;390767817169748372077811054803027927971;7.775017677610709E-6;75169468182139098644790527343750
494307;412309044413268158614922533773419062951;381397935811393433789740447728212143501;412309044400261056565035353623028437951;-4.207905390070129E-10;-13007102049887180150390625000
494308;419987249857081616159611132495003406266;381398156217443070262042580674788164316;420410078115606180260205748431282703142;0.010957195897709212;422828258524564100594615936279296876
494309;420714667473733932340095041080795764548;381453255234665153425167787348858305307;420714667473733932351432815360580920798;2.8877652721067963E-19;11337774279785156250
494310;421995157473957191533814097154122090985;381864671127622720215677236604324371200;421995157473957223210166121054512710360;7.893338682847464E-16;31676352023900390619375
494311;458826179254108725111890773115054396423;382242845698690351980495630531371496382;458826254423576908090060786542788771423;9.815382106419135E-7;75169468182978170013427734375000
494312;475704947054624893634724946978837546909;382249527605566573596395591855068655633;475704947055159432075131256112069968784;5.7197158127109046E-12;534538440406309133232421875
494313;475716088510433802601122532384851425044;382277415518018126841179792064467965131;475716088510433802595491180913872518795;-6.026788791655889E-20;-5631351470978906249
494314;475721256885082131291260473105418694910;382287864978170842933923549166696922484;475721256884903952233476419118846429285;-1.9070169042088908E-12;-178179057784053986572265625
494315;475721781424816895050292187778345939436;382683109091594667982865662691946325945;475721781424816894627940827991236564436;-4.539524793243382E-18;-422351359787109375000
494316;475722090738324772331806943715985184703;383584160454773889049601268724462349321;475722090738146592851671502889569169078;-1.933834193877597E-12;-178179480135440826416015625
494317;475772686764370245781529456448127969286;383934075386707265743940782176506818734;475767048051997009587276489147590859911;-6.13980578391851E-5;-5638712373236194252967300537109375
494318;475790339654936395833201636619724215375;384351489198406495986582121554593109370;475784626775354554106407393767988294750;-6.247759626590706E-5;-5712879581841726794242851735920625
494319;475795147672298530159072058916005210403;384362246876512457747521073814269203955;475795147672298530170334761857899741653;1.2317998055261967E-19;11262702941894531250
494320;475856563920755380204015138601614185602;384808219125679714139245752324332573925;475856563920755380204015138603987226852;2.6063529824084686E-29;2373041250
494321;476168815018790496994283128441503849460;384808444701245984344902321395461308066;476168815018790496994283128441503849460;0.0;0
494322;476279697850508181085696096832112491334;384824534882384746781339687213484560628;476279697850508181085696096836858585084;5.189530690196511E-29;4746093750
494323;476968618052839933586341349985608063036;384864229321930372026978080040725111174;476968542883374127173644511606701813036;-8.161333769450052E-7;-75169465806412696838378906250000
494324;477002447374255807874039299330997363027;386477076471425367316012878868870424849;477002372204787594058588630996131769277;-8.303690718318298E-7;-75169468213815450668334865593750
494325;477057523525889758063146747262883875748;389059061758968122167335043275222468919;477051887820295248737812801034856532073;-6.404322849911191E-5;-5635705594509325333946228027343675
494326;477125050659688104376794277929565410233;389065588084302971630174264336068058271;477125050659688104376794277929565410233;0.0;0
494327;477519760632934177543595064470225249117;409394809098001153315640926163463497044;477519760632934177543595051121836155366;-1.9593979581631307E-25;-13348389093751
494328;477537659908260088667583100286765008371;412291605100764093941050649642216053209;477537659908260088667658184973012664621;1.1507927409433178E-21;75084686247656250
494329;480887076062658260421742765133057940529;412292515927912331636947245465768475071;480887076062480080941610327694093096779;-2.5975744983629146E-12;-178179480132437438964843750
494330;481219854718989645023724465012358250633;412325659715578808407576735844233282582;481219854718989645023724465012421531883;9.185280413954623E-31;63281250
494331;481343105292182007456867001957621957878;412325733870115002030377087649842040084;481343105292003827976731561131205942253;-2.581661347920754E-12;-178179480135440826416015625
494332;481618908964879378360783195246870080083;412691809287174269937259388671554046875;481618908964879346684431171173247033208;-4.595631061249997E-16;-31676352024073623046875
494333;485830271420701340426084800607542363358;412692500818730246529746028239298017341;485830271420701340426084800607542363358;0.0;0
494334;507427752541070405669498526440450694397;412720389573785115693652340231082513757;507428044198421829872175805323199490424;3.0795636398930222E-6;291657351424202677278882748796027
494335;507428582479353288300795580104719490609;412720389573786914384474966496603555383;507428045533582605151743735180826543358;-5.669475408727713E-6;-536945770683149051844923892947251
494336;507429022445283308515824317966729156787;412720389576787968310519038974330120932;507428053285062008247855234151981809403;-1.0233071600198945E-5;-969160221300267969083814747347384
494337;507434514866248265065080558484280994614;412737370818200080473573705064484982008;507428352921105311280301907871811566986;-6.50700209060929E-5;-6161945142953784778650612469427628
494338;507434515854806200572147748345441487806;412737888078215067255834218801287987716;507428492290606719605071705314289664413;-6.360906761845624E-5;-6023564199480967076043031151823393
494339;507439617395617114472499843084316065085;413103742824017225549133783231672133432;507429927697022286065521953054624709366;-1.0271488592045685E-4;-9689698594828406977890029691355719
494340;507441421436803681659606698618693970605;413108927618962259658468798360861709946;507434581131063157793925441334288137697;-7.251272031175896E-5;-6840305740523865681257284405832908
494341;507445336186089430634841338476569585451;413120367276132465099504045512874410016;507434590958350791287619619489712130611;-1.1391710872332E-4;-10745227738639347221718986857454840
494342;507507266848372113554170894130767352049;413120581747218614904557907828036724133;507434733277784750453885578872292794103;-7.684724864490095E-4;-72533570587363100285315258474557946
494343;507861922364140968895107674628988616483;413126445993841546609048731586232572593;507439027119748850123143885890479629052;-0.004463958599195907;-422895244392118771963788738508987431
494344;508663021471773136175338909299542132402;413243466669183904348535440028556743996;507451068456466351869374737509748693139;-0.012701306538415096;-1211953015306784305964171789793439263
494345;508696762674032710396101647223671694901;413561065889372591146491286146325862116;507535989678494928314280319810910816483;-0.012201235022908326;-1160772995537782081821327412760878418
494346;508696778523463326097190667040075076855;413565876817987862035936865848244686883;507653254115472751473504068777549267476;-0.010969352642334014;-1043524407990574623686598262525809379
494347;508702545524888676328721545732794914341;413638803213578911917280459693893206253;507851768609572341690925819396263619205;-0.008949541587898516;-850776915316334637795726336531295136
494348;508707738578663770611857128848525560710;413960523553364143773299036138096990633;507919273760864859786603929742014846257;-0.008321773020857374;-788464817798910825253199106510714453
494349;508708102065164230647265496432004392337;413960675909621995138540179981930935864;507980242188315823123526510072421709596;-0.007682107117648931;-727859876848407523738986359582682741
494350;508708264804912555302137405075919422405;413971578302918818768752176541159098551;508698401276491056151037113266718640206;-1.0411519323394926E-4;-9863528421499151100291809200782199
494351;508736146277168373664553336031657533103;413994036934060302874975551048698933409;508702610671763537534620826946197302213;-3.5396726584783014E-4;-33535605404836129932509085460230890
494352;508736221529126630098279322475467889247;413994044164231686700937795317756881977;508703664314186647732253434556606417552;-3.4364013837881116E-4;-32557214939982366025887918861471695
494353;508746975732343897723122094429203988876;414016830377470701011674341248867882038;508703664314357666605904906740338810156;-4.5720839785455954E-4;-43311417986231117217187688865178720
494354;508752914108004662856261506589460680526;414061632381716507190349389334587964057;508703664315253612471989056696797128170;-5.201090517858907E-4;-49249792751050384272449892663552356
494355;508769593869615384300415536707845216957;415742646238235972562076636254592365456;508704042232683425506905770582507203371;-7.046521314631119E-4;-65551636931958793509766125338013586
494356;509130552671378318028230885534129336551;416451876102165371459458427594076133651;508714120682733522000163943354429409395;-0.0044932880362593694;-416431988644796028066942179699927156
494357;509931210394370073206959264334718506492;416526820927921335071936446106606443577;509119064559300519617657060668539144608;-0.00869494292194137;-812145835069553589302203666179361884
494358;510806312896701275692470115599734021730;416548684341434188121088602406751920006;509143572813205927240635162857648412172;-0.01764037679475902;-1662740083495348451834952742085609558
494359;510811866041422450532480771176983538654;416560029010909397867960151386229455709;509170105816553587186239919950709441606;-0.017418867118073895;-1641760224868863346240851226274097048
494360;513313964925564035615086371136626607810;416564857845331860745241129915240350071;509176479012699348247437370182409599828;-0.04276510696303946;-4137485912864687367649000954217007982
494361;513313964937357335461035482066290726961;419879824656979657501619557033150637194;509176479012725773042561029491644972583;-0.044282378070968194;-4137485924631562418474452574645754378
494362;513313966021938108245804532660239302584;441133160457803190714697644250209479265;509232405300356485838120220125929547424;-0.05654634483062159;-4081560721581622407684312534309755160
494363;513338390031161910625739903593566175061;443981623543200522216010618082085403279;512942489630791125548949712152417050056;-0.005708172690540634;-395900400370785076790191441149125005
494364;513338463195407985491754249079908721129;444038379460167690507262773068735450703;512982686104844076552779105273265544131;-0.005133862347456156;-355777090563908938975143806643176998
494365;513347641942037209030706435610038325153;444054317313521196934043060237008782094;513759571274450914828262935729634431129;0.005944718840120223;411929332413705797556500119596105976
494366;513403941120119939749265805922863615010;444404006652544770490160533494683174845;514678678954536625566124030293548880918;0.018474478914407053;1274737834416685816858224370685265908
494367;513494842763580272731709006434895134372;444404008870024197999069052982053785307;517547510471186142926867115168271851013;0.05865709645145638;4052667707605870195158108733376716641
494368;515958056059475675551032189878771570882;444404009685529885688651425007437143899;539139870928150762148189627514669444397;0.32397629544981305;23181814868675086597157437635897873515
494369;517615691059693675708407140670357080927;444404154065954250240974586211380163119;539140700866433644779486721224104256234;0.29401117215420086;21525009806739969071079580553747175307
494370;519661799346501584119885171177368552549;444404389569163651490318955793570883406;539141141834801420236505508991387359912;0.25883620690551057;19479342488299836116620337814018807363
494371;520519036599627155846743846615777846058;444404913936947936830981641033119109989;539146709425056379444727942446614978989;0.2447334630392169;18627672825429223597984095830837132931
494372;539140163587761793789073579065875271674;444421080129673735923849251790578765711;539146710413614314951717057584806733431;6.911834039671685E-5;6546825852521162643478518931461757
494373;539140164922922537392289484308824584608;444427005686951107330096287537869292597;539151736784959422439447398626308252585;1.2217797537567653E-4;11571862036885047157914317483667977
494374;539140171672142364304194988253481028153;444427016528072824782917416575434576406;539153540826143613900152448283063470605;1.4115414042445933E-4;13369154001249595957460029582442452
494375;539140473312704850959054330199829145186;444427230008116834352096006533840728524;539157455575429362875387088140876226076;1.7930188146866337E-4;16982262724511916332757941047080890
494376;539140611680124831325753896934162711288;444437689723563612289017633231750648976;539219386237712045794719633834136492674;8.31807044172799E-4;78774557587214468965736899973781386
494377;539142047086362218306067702718931349992;444489325066965026441836267802499836557;539574041753837260095925307253256194608;0.004563996240768575;431994667475041789857604534324844616
494378;539146625363763830464899032185118215747;444589901922466524538067707890274241852;540375140861113100097868034513165179277;0.012992365351068416;1228515497349269632969002328046963530
494379;539146635178222541389067726026576521086;445249519859217527410359465423900039682;540408883065632218398502085523232241776;0.013442882490280242;1262247887409677009434359496655720690
494380;539146927836592864833454901633279122228;445267559530177201511118782518038575172;540408897912803258337736416882360233105;0.013442464504995515;1261970076210393504281515249081110877
494381;539151147511348358125544284144874160302;445289948993597754573332079600212297091;540414664914228608569267295397101554892;0.013461551981368529;1263517402880250443723011252227394590
494382;539163187845806284109917470438215490014;445289948993621674397128561344116476882;540419856965744127090548229922712670085;0.013386872928893281;1256669119937842980630759484497180071
494383;539248184237305418420326519077932300858;445311681173658449164464295283585172896;540420221454504162887811246093970048587;0.012476909177730696;1172037217198744467484727016037747729
494384;539365373518176144729839231886885204976;445328962070017730121951883405073303020;540420383191992911780828506150138172405;0.011219161360686188;1055009673816767050989274263252967429
494385;539563812829444091792372924803978462955;445673388531863944158290481413606894471;540448265666508305905099085695995814353;0.009420053681523401;884452837064214112726160892017351398
494386;539637030860316076733146192773020705632;445695187609598364463388963691931166019;540448340918466562338825058791385857997;0.00863630124847787;811310058150485605678866018365152365
494387;539692361577655755363846965632724443971;445695942525214019360705520239281736569;540459396789668721582675965639997789901;0.008160259930594035;767035212012966218829000007273345930
494388;540410520666009167871718303757409655756;445696314376336046267156006779332803692;540464733834054690014798997200200082626;5.723868696076811E-4;54213168045522143080693442790426870
494389;540414730061103469775166576610503942838;445696314376699660435210617397739634901;540476075548841656108562967127767091957;6.476616748171326E-4;61345487738186333396390517263149119
494390;540415783703526579972799184220913058177;445696314377771342405650538830324359368;540842672047354820934970597295572305301;0.004506870096158419;426888343828240962171413074659247124
494391;540415783703697598846448654146344663906;445701207217484298585635661496452492593;541643329770344137879295829355471730866;0.012960476752226424;1227546066646539032847175209127066960
494392;540415783704771755868873103200459237544;448238489412101975518663703751525140621;542518432286041207933018868651491834230;0.022810916694879176;2102648581269452064145765451032596686
494393;540416161622023357747448516859362672121;448250196856341278888375744947886532517;542523985430762382789995659940411273029;0.022869871910936382;2107823808739025042547143081048600908
494394;540426240071538916222655731989683315644;449483885843016026748228656289712065980;545026084314903967855557036114622310935;0.050579779711952634;4599844243365051632901304124938995291
494395;540831184950900027620057458920560628983;452426243707268717377515346389022559694;545026084326697267701581258605354492586;0.047450960509511565;4194899375797240081523799684793863603
494396;540855693204805435243035547763654271547;475676998250074385010303515719553684550;545026085411278040486349281195395552584;0.0639839783439833;4170392206472605243313733431741281037
494397;540882960691925620055584800602331474828;475744933384736776439619121664981011883;545050509420501842866285653257872815686;0.06398027236720259;4167548728576222810700852655541340858
494398;540882960691952076527060483989935988208;475789139910150239647771220136128006259;545050582584750293881052163813795018079;0.06402484664048715;4167621892798217353991679823859029871
494399;540887861913747602830275259306209832231;476116063112286985741690932040486078118;545059761331377140848900824953300043903;0.06440919497105986;4171899417629538018625565647090211672
494400;540944524676332957068282653750165484924;476122136616094619853420082382292655673;545110422799346211557416239727863615010;0.0642663475949383;4165898123013254489133585977698130086
494401;544654609020123930610290044183667050056;476138586559953288085166202108639626708;545206962152920204972254756099201774997;0.008061663724238593;552353132796274361964711915534724941
494402;544689167784070348360926535693187419131;476138897659189796548167576924794038656;547664537738701947359179620298725086507;0.043404204669234094;2975369954631598998253084605537667376
494403;545894518895588457478366504760396149954;476139279295043039992050156000212009766;549327810449031232222551084990913721552;0.04921912064389109;3433291553442774744184580230517571598
494404;546390798343876526124612334380150443418;476173176740581994547888455897103214521;551373918735841516360430920841675193174;0.07096680688101216;4983120391964990235818586461524749756
494405;549259629860526011814708816675840210388;476178448559487039342192795326613849831;552231155988967088087289596280147767933;0.04066061981402087;2971526128441076272580779604307557545
494406;580556525279204525763211413983287610721;476206699479827353666614244208868052341;580556525279204525763211413983287610721;0.0;0
494407;604306237366983043503876245788907336335;476211813809981333187024799639408193101;602564550072200774381984127333576425043;-0.013596901773067603;-1741687294782269121892118455330911292
494408;605958015270050432848780429160517210528;477035898708069234507356672268720830944;602564941768136049252639913179551929305;-0.026318785266631218;-3393073501914383596140515980965281223
494409;608062239284339819251981440782654507411;477040479083862434504984026510053936389;602581715424927809579933260878920395135;-0.041829111828647535;-5480523859412009672048179903734112276
494410;610170724932739312346008100306324972866;477396556778047739777749849012639318581;602581715424928250538466101364166107583;-0.05715727398848633;-7589009507811061807541998942158865283
494411;610237191917855418039011018603773299611;477413472956483675376518334879614367826;602581715429358755445522918752025033983;-0.05763636606744203;-7655476488496662593488099851748265628
494412;611845127670292095203959631005692963080;477440808607496737283831957868872129473;602604178027150517079487331863569807235;-0.06875485629910519;-9240949643141578124472299142123155845
494413;612408967825250434041642341203716657928;477480297543561051430778778223746602182;602605742660887680257866231613059050603;-0.07265487122860284;-9803225164362753783776109590657607325
494414;634276669461535955164094913771564706293;479945427386027289050812060181937031957;602992861625931000206239738184552460009;-0.20270560526104575;-31283807835604954957855175587012246284
494415;634277061170839442503342710347520679305;479995691545488557603288260396267143141;602994753625465005673221695851302376225;-0.2027614067812518;-31282307545374436830121014496218303080
494416;634293834814267741820479010538480942010;481624546688178225688416652038302069332;603055104738230911179268496473354569383;-0.20461698917621712;-31238730076036830641210514065126372627
494417;634293834814268151525011187264029388833;484144595079458791013880029631433727182;603055256093105804748860754765495976884;-0.20805019576745984;-31238578721162346776150432498533411949
494418;634293834818698687686068668416331674608;504828543673419060613977642884514199205;603816135376014295464371979671876903552;-0.2354121260846956;-30477699442684392221696688744454771056
494419;634316298418750025081885727859663557235;507416626454866155732080707100646907890;603833272182411966362655473030089498441;-0.2402135936569926;-30483026236338058719230254829574058794
494420;634317862050227612498411981277365691078;507416626620762997319676545366165175322;603833340349749936511910537595351725710;-0.2402224186179957;-30484521700477675986501443682013965368
494421;634704981015270932869137849299054413134;507828841857477728702872534840119220567;603843861215127410034016077731921064001;-0.24323816917034488;-30861119800143522835121771567133349133
494422;634706873014804937913764455476546516775;507845904255917906479535254726685255324;603843953306341583466688000718047388859;-0.2432814443276219;-30862919708463354447076454758499127916
494423;634772861837684472175860554652064663133;508239572854485311232359829908093668039;603900475547460428938088597343250517344;-0.24398627853831586;-30872386290224043237771957308814145789
494424;634773013192559397421801820286736211259;509225281075009528891526255166240395628;603934148460502486443373327851384881483;-0.24563458225738874;-30838864732056910978428492435351329776
494425;635528255767613803466771376975098710427;512547010842062775780404427847714178627;604263000904533449756208020183100086580;-0.2542278286579987;-31265254863080353710563356791998623847
494426;635545390569492322841346574104308248442;537983837763016239030735444258893830071;604273073762558217670936048178210733835;-0.32053935087488955;-31272316806934105170410525926097514607
494427;635545459752453329762614349240859538210;539112424078015675591614317582960215797;604356979831461768952624404043140463207;-0.3234211150034237;-31188479920991560809989945197719075003
494428;635555980604467342696913187539294110876;539158285566301295373787719569678951242;605067245112492810086599148070463419556;-0.31628075214768725;-30488735491974532610314039468830691320
494429;635556072695681547383585774460722731434;539168886329498254148982676546331784075;605073560256780001209587263092092910233;-0.3162506717759748;-30482512438901546173998511368629821201
494430;635618233649351808529449864428347751720;539540587601756085528110674617853264351;605085366901093719478561628430471720026;-0.31779365965244893;-30532866748258089050888235997876031694
494431;635646268852104370172250616847722777733;539540734895424543647127512953814512503;605090113522242188274891968030625358503;-0.3179437652740742;-30556155329862181897358648817097419230
494432;635975120293873381574399406138878992830;539558024715011575587249332503360323594;605090331026480004135139749528978289510;-0.3203248249905224;-30884789267393377439259656609900703320
494433;635985193165261610921639859823750186960;539568702881189766126079293273270192600;605225249250273524532368106812817013006;-0.31903198119284454;-30759943914988086389271753010933173954
494434;636069100223058901228622996419849447582;539592000268901637512312552395853713444;606026794376066450493130636878303750536;-0.3113931270868171;-30042305846992450735492359541545697046
494435;636779364501832742327144911083158726431;539957713780689351106706322402842459391;607784772610404357599963743660623169065;-0.2994639285270593;-28994591891428384727181167422535557366
494436;636785679646119933449907771512014785233;539958158731531929889330216188114105169;608079599289405867771829241121272484901;-0.29646612952154205;-28706080356714065678078530390742300332
494437;636797411120965470002285009650931126276;539958835294375235025194286178926263258;608089885466796151426959988256379748211;-0.29644721030982696;-28707525654169318575325021394551378065
494438;636802232911582088839085680268174186628;539968978216346374584278260580861764439;608105987810232617058384163642295344975;-0.2963470059089251;-28696245101349471780701516625878841653
494439;636802449413560328937478826520081810760;539974323384614640861353282418493910709;608112960595507190427857998430840758134;-0.29629292639079613;-28689488818053138509620828089241052626
494440;636937368639613456772913856477123653631;540414665113602162718752038648691344319;609365222677311609674433583973948113802;-0.2856545139649099;-27572145962301847098480272503175539829
494441;637738989937134140634629679389290078661;540459760663162815779947057248223231642;611020675239381881771540699396050458996;-0.2746559044223554;-26718314697752258863088979993239619665
494442;639496891999922500996996958229714965940;540820425707965129087655565203177088832;636023995468696181107025673204542101960;-0.035194780090228854;-3472896531226319889971285025172863980
494443;639791718678745800018006342256526391151;540821021184690360590994291769732785679;637670133657130821426174914634150023028;-0.021436496612973848;-2121585021614978591831427622376368123
494444;639802004856136083667505737386750841961;540831171014119841013113775502574454366;639774433843147964885627499767974429286;-2.785771516498431E-4;-27571012988118781878237618776412675
494445;639818107199750728779062350745566829275;540831622938070918938857063395761516002;642305747750071959155526437909664816617;0.025131113291638134;2487640550321230376464087164097987342
494446;639830792864428965239900711596123961259;540843050004305040446332122091296164551;642372139565898093865918177035658065236;0.02567334730583983;2541346701469128626017465439534103977
494447;640654513808127009062754029988352410677;540887779598372374155172298155441844842;643557322229097833857202219048905853630;0.02909595511934683;2902808420970824794448189060553442953
494448;642732795631159569254076538474487958996;540888391240255421993721072668180244019;644121012045122152044386062212017439178;0.013630757843447763;1388216413962582790309523737529480182
494449;667296967862571640090842777578758767546;542144849664585725350058562940575434644;667296967862571640090842777578758767546;0.0;0
494450;770528699088201945144852130721438557293;542489188930233626817615251381927056420;770528699088201945144852130723811604168;1.0406297020003834E-29;2373046875
494451;792842900175482395862249724823037297435;542494983007628041889618067810100066974;792842900175482395862249724823037297435;0.0;0
494452;792854325614483813607658659828745594058;542494990063532667401053297060283437658;792854325614483813607658659828745594058;0.0;0
494453;792860415290359409859721507917739681882;542494990196469189770811079868177265003;792860415290359410282071867109634213132;1.6869356423056729E-18;422350359191894531250
494454;792893496844734314513873018251267271776;542505650080646441595949389473178588832;792887859134620654087106077174607537401;-2.2515909563982163E-5;-5637710113660426766941076659734375
494455;794207016097786369215144153099174043209;542934194280054591109687541666564444542;794207015095526793453289505043021693834;-3.988730530072502E-9;-1002259575761854648056152349375
494456;794529953232202343889027555810067688033;543346103910701240323842621835761211293;794529953232202344733730276452157109908;3.3628862800048813E-18;844702720642089421875
494457;794602019723367685584277008136428756078;543351837795372816535890969516656735784;794596382013254025151878689425979537328;-2.2438630970926536E-5;-5637710113660432398318710449218750
494458;794602842481279738326263731956922107156;543362592147893942321189314123532262818;794597129601697895754841879839002185281;-2.273871154905238E-5;-5712879581842571421852117919921875
494459;795345602058550271686852787150931755858;543362876631696268941979269017450936557;795345602058552647413179508700667662108;9.428131720922989E-15;2375726326721549735906250
494460;798346060591262495545333892129406891087;543362880692437725006594678992942745003;798345985421794313406235287917981109837;-2.948016736318283E-7;-75169468182139098604211425781250
494461;798723057655596209013818318013853236251;543375208577494805585085893219624050290;798723057655596209013817316884702845626;-3.920648456625209E-24;-1001129150390625
494462;824555114739387081566798008217786640110;543425726296683649045845752096571649804;824555114739387049890445984495374530735;-1.1267534923755695E-16;-31676352023722412109375
494463;824561334460649657219925652614063157672;543701664597125814776341869188450289682;824561409630117839781374656064922532672;2.6764066275192883E-7;75169468182561449003450859375000
494464;824561336446998374772921475140873902274;544608815798177431396561289832399151894;824561411616466556912020119397465699149;2.6850791701366193E-7;75169468182139098644256591796875
494465;825400826238865030611383764575629337400;571275272838905338078463975649966718149;825400826238865030611383765109564884350;2.1010698837895167E-27;533935546950
494466;825801279783628556549061714140589673652;571286755583423583858971632401370199322;825801279783628524872784774748467767402;-1.2445763965311105E-16;-31676276939392121906250
494467;825829518530565610385116956221703971260;571286759573749944013833771041934042520;825829518530565610385119972957543815010;1.1851587734049636E-23;3016735839843750
494468;826258218944414495112669362261530269676;571664267582013608692946311509266566588;826258218944414463436317338187907222801;-1.2441910679560502E-16;-31676352024073623046875
494469;827054257707359768054018721452623172268;571664643454282606852880692061056143005;827054257707181588585145996916490359768;-6.97677035120772E-13;-178179468872724536132812500
494470;827058248597617378625869070606934510545;571670573893309426112905929750767682525;827058248597617378625869070606934510544;-3.915615744408247E-39;-1
494471;827058549326755465032737913595208837179;571686887807843389015296666007262109526;827058549326755465032737926943597509054;5.22704382799595E-26;13348388671875
494472;827069673625478021457932214642448084202;572127155152820862373309777497612270227;827069673625478021458082384015006677952;5.89032278563215E-22;150169372558593750
494473;827916157804039544615949071153297168431;572532404780973989553406522347601569826;827916157804039544615951073411597949681;7.840194519345213E-24;2002258300781250
494474;827921418783923404523917807100944235044;572555390616870750082435315173022276958;827921493953391586663016451357536031920;2.9435970290051866E-7;75169468182139098644256591796876
494475;828010639976119146851856365442696080860;574218369930795631703846558293883270618;828010639976119146863119068384590623360;4.437764373155728E-20;11262702941894542500
494476;830098295404813708944226897110847453595;574224690875300172243536241580755277046;830103932112667794453841936936350187969;2.2029266615640097E-5;5636707854085509615039825502734374
494477;837794100390054531195829231907987940156;574307207024466808092763582887515214683;837794100390054531195829231907987951406;4.269662090702417E-35;11250
494478;856261580395998996949965023528045483102;575098717497832460477845692032415052663;856261580395998996949889938841766186227;-2.670505112422744E-22;-75084686279296875
494479;856261652400807207654632554627309040707;579247660186966913376750780562667172442;856261652400985387134770998848295368832;6.432147297487377E-13;178179480138444220986328125
494480;856278724834845278268957186107715850743;598336414674117939966745158500366471946;856278724821481817258799124126514678943;-5.1807944969676E-11;-13363461010158061981201171800
494481;856284803421029926822336140117148361038;604278491801624324719967245221230287444;856284728251739924163372936686940939163;-2.982833625063484E-7;-75169290002658963203430207421875
494482;856291419320823811449457942435283548371;634282239886319814095416200581499075078;856291419320823811449457942435316032746;1.4631996335801677E-31;32484375
494483;856651039054324320952611179293217834047;634282241652251634736091596406396951640;856651039054324321797313899935307677797;3.798656693343328E-18;844702720642089843750
494484;856712922526422135215340909234399131643;634288170175696806988070226833726276484;856712922526422135215340909234399553518;1.8967088668925487E-33;421875
494485;856736437705625526505884952170184458156;634295000401386529236570418636765547318;856742074413477235450026843643541489406;2.534018805138123E-5;5636707851708944141891473357031250
494486;857513304960556584153336605760764340008;634705735478324639149227774041406720516;857513304960556552476984581860373709383;-1.4216910178370963E-16;-31676352023900390630625
494487;857514802484814472434107746409472366755;634710329767098201411898045242525461095;857514802484638668674742759989794638080;-7.890495070434348E-13;-175803759364986419677728675
494488;857535253564339450040923840222833110853;635556576682916775590348242409316076726;857535253564339450040923840222833110853;0.0;0
494489;857535702469041519030168494785940068876;635556578621661692371947035414139329101;857535702469041519030168495317502568876;2.3946508607965856E-27;531562500000
494490;857541414772548195925663212924444206702;635557180536362989130524462182554009850;857541414772548164249311188846169987952;-1.4269640424272424E-16;-31676352024078274218750
494491;857642597492450965880344453390570347906;635957080664011576799610832686069750817;857642597492450965880344453390570347906;0.0;0
494492;857643136034420399207999989233882568071;635957093586122171259032816906554732120;857643136034420399207999975885493896196;-6.021303156687513E-26;-13348388671875
494493;857970416896253809372546181216005393288;635957094602814507946714036365286477192;857970492065721991511646841079286654538;3.38580889676459E-7;75169468182139100659863281261250
494494;858083160787087910333365990175785004706;635980392420478311809470265249129021712;858083235956556092472464621083988129706;3.3844453509045003E-7;75169468182139098630908203125000
494495;858764958832582794122651472009329179128;640235281909785338842415172160407433276;858764958832404614642516031180540116628;-8.153559857153333E-13;-178179480135440828789062500
494496;858765027962483938526124792102219174846;644453024479630844314979671800942836269;858765027962483938526124792106965268596;2.214572059833191E-29;4746093750
494497;858766005203897992762166402562724463485;666406576385061933627612568858255706328;858766005203897992773429105502245947860;5.85503035056768E-20;11262702939521484375
494498;858781117565989183040906902741034956884;666411313344095585041993390114969599849;858781117565989183040906903096991988134;1.850378923499931E-27;355957031250
494499;858787499730284926879076135363057108642;666417401831036995360111821302275224607;858787499730284926879076135363057108716;3.8467516941617825E-37;74
494500;859610993201135783548018684520815316285;666450859232895200907426572950163953577;859611067368344357826561298046205941285;3.839674732596382E-7;74167208574278542613525390625000
494501;859611001299395057691896901959957396710;666800243927785543783246085790044156557;859611076468863239408645186846707787335;3.8986138121350017E-7;75169468181716748284886750390625
494502;859611001513047073289192203812896405707;667235787826635937377816547810259396707;859611076682515223751938823991119061957;3.907440397856853E-7;75169468150462746620178222656250
494503;859616172890753301030894823718628340299;667291248918544149484509522208869703341;859616172890753301030894823718628340299;0.0;0
494504;859632407530502056081768194440903246258;667291547523576932960306852953982508292;859632407530506775858219808814682537508;2.4538605325173448E-14;4719776451614373779291250
494505;860111636946042273771987512202378551196;667758888134546723067379466806173213759;860111636946042273772061595759475816821;3.85144259985944E-22;74083557097265625
494506;861736110589073035647525894232158894608;670228871734299084077866969211125646412;861736110589075411373852615421192097733;1.2405412667052122E-14;2375726326721189033203125
494507;861747154187654275722672312500375929209;671879907869774291750628113368522804368;861747154187654244040688936951059522959;-1.6686386930848848E-16;-31681983375549316406250
494508;861758345527422135007784223027786206276;698151471667250110439397018045218949682;861758345540785596017945288396438550026;8.168031510450017E-11;13363461010161065368652343750
494509;861777063738324245855211643170002993940;698986230618039666595310672291098933296;861777063724960879874109653428655337615;-8.208917986940903E-11;-13363365981101989741347656325
494510;861780394220750549188179338521679132269;701055719255052143385586386692062934633;861780394220750549182547987050731866645;-3.503725530724576E-20;-5631351470947265624
494511;861781120755724989130625245981044326483;701055719259747413470236511949908426609;861781120755724988708198800973720107733;-2.6282494308648293E-18;-422426445007324218750
494512;861781122770803891152907899468658027582;707854344589629867159442453973003555020;861781122770803891152906898344253725082;-6.503900205876863E-24;-1001124404302500
494513;861872533775194846564375475121570848555;728521158581485512105913040730940886480;861872533775194846558744150352147020430;-4.222922156778386E-20;-5631324769423828125
494514;862587026746195950044607824813971227156;761181079730872288840281197521266516015;862570409384947009993675097763872705721;-1.6386969145339145E-4;-16617361248940050932727050098521435
494515;862993237643115183463278158908335596346;761548346742838341863470302529938269994;863009856006984809689140028488319279656;1.6381666658760115E-4;16618363869626225861869579983683310
494516;888430214923526627469908135485679373762;761626898930101056208367099790920877445;888430215925786203231762784075767264387;7.90404862767011E-9;1002259575761854648590087890625
494517;892207103743296094991309138760757757401;761643672516715915465049701473100481557;892207103729932633558800717587662054276;-1.0235225366678231E-10;-13363461432508421173095703125
494518;897857130479122996701644682979859119227;762805122145681574715063378120916880467;897857130479122996701646685238159900627;1.48258313629654E-23;2002258300781400
494519;919675219946455488953775292359581396265;762805945280340539105254435907441943832;919675144776987306814676688148155615015;-4.791854130908169E-7;-75169468182139098604211425781250
494520;919691001606474240581932651420492522590;767450360870105524013834675523561667498;919691001606474240576301299954291350715;-3.6989804029745524E-20;-5631351466201171875
494521;919703630987251187582629289804094114377;792837265248529618990668177252368683206;919703555817782973761697439370744505002;-5.925090371756275E-7;-75169468213820931850433349609375
494522;919703631252027992450887694106162180835;792842531078093608490024173486914309378;919703556082559810317420401320517649585;-5.92533629923369E-7;-75169468182133467292785644531250
494523;919737852123545624516182923147573695633;792900105694173063539951714862460031708;919736112482668737824797798222815704112;-1.3715482384854422E-5;-1739640876886691385124924757991521
494524;919741750192604250453412700897132532237;793243706412768643247285064641889183840;919743489833664036401384854147329555008;1.3752315907854814E-5;1739641059785947972153250197022771
494525;919800222762134699166348204085459981668;793259640389858124501704816000629470015;919800222762134699166348204085459981668;0.0;0
494526;920114285053875736839040714127152393136;793266179036503654366359164022350352526;920114285053875736839040714127120752511;-2.4943711020538817E-31;-31640625
494527;920125039149258603434032966857728071957;793266179210974410163017602188190659583;920125039149258603434032966679749556332;-1.4029648044416064E-27;-177978515625
494528;920217118569479660179069814442965068660;793278074696441526615775337892688111957;920217118569479660179069814442965068660;0.0;0
494529;920926715366929221411019833670422791428;793299110454739203853177862793652365762;920926790536397403550118477927014588303;5.889749967011994E-7;75169468182139098644256591796875
494530;920927542538906970273756352197335678112;793317144978321432917599037657608306725;920927542538906970290650406610177474987;1.3238775786135307E-19;16894054412841796875
494531;920927692547508055234197871742093860054;794494978356784773801775003561541570549;920927692547508055656549232597073906929;3.3405227718030682E-18;422351360854980046875
494532;920959421246921227249737348829294871258;794495504703903632943276671920295016237;920959421246921227249736334351755803133;-8.021873486126324E-24;-1014477539068125
494533;920999407225497566921049543176027391087;794496105847620200240723232495395724905;920999407225497566921274797234896922337;1.780618026692252E-21;225254058869531250
494534;920999421937245082812498943187649519451;794528204396318476523808108181150713832;920999421977157286362837688482815535076;3.155832949692525E-10;39912203550338745295166015625
494535;921000080811640734597305874110991688207;794573678734081954865355294045290677662;921000005642172553730892662288481500707;-5.945709673423452E-7;-75169468180866413211822510187500
494536;923474283816230921523539236061605820642;794573695610883580744245570159297555002;923474283816230922790593317024740586266;9.82969976013323E-18;1267054080963134765624
494537;925194534315131413516319635864187824669;794574206950714559309149733380649281878;925194459145665575432902124877859699670;-5.754806112862402E-7;-75169465838083417510986328124999
494538;925199724849303267652592761168504269753;795785487787906650232847206310688080714;925199724849837806092999096996140988503;4.1304454018667235E-12;534538440406335827636718750
494539;929822500724347097929714961168165487548;797071110235110106900559002029008013141;929822500724347097929715962297315878173;7.541383534297466E-24;1001129150390625
494540;951398234903772578808911435167398150156;797077347458351484548790127491242714543;951398234903772578808836350481118853281;-4.865490830322771E-22;-75084686279296875
494541;951421162496940984930280167768533726653;801277072409378477091641517997048968748;951421087327472834467533547590311070403;-5.006488640786639E-7;-75169468150462746620178222656250
494542;951803803166928284354977877373836460765;829151207066329939834145713613676070946;951803803166928284354977877373836038890;-3.4395929104833837E-33;-421875
494543;951803803370266536902274100740973072758;832548996627370110452266311758516472752;951803803356903075897747390230719166508;-1.1205804922678911E-10;-13363461004526710510253906250
494544;952793856248974517808176993484597106957;832548996628437089458448621005433343744;952794081757379064225472926261459991957;1.875409936508431E-6;225508404546417295932776862885000
494545;953906271248811265106383502899176247703;832548996637321510991696226208154803876;953906271248811265106383502899176247706;2.472039694039049E-38;3
494546;959476555286589110838915515227569564676;832548996637495166981840044369404977182;959053727027884024469558432854522689676;-0.0033312565309322967;-422828258705086369357082373046875000
494547;960864717937939032380610445559120133025;920971739861033997573540381675697402657;960864716935679456618758800356483414350;-2.512370908558674E-8;-1002259575761851645202636718675
494548;994611298025363419478293300308694286352;932519146341017904627256845211596813673;994611299027622995240147948901155645727;1.6141485655980922E-8;1002259575761854648592461359375
494549;1014833016353294420359632755135726994174;1026780208224412842868732859453976281016;1014833015351032468871376300667953556674;-8.389100654783667E-8;-1002261951488256454467773437500
494550;1014839616330224196085768099909052554278;1079700747503726675949210841173271824220;1014839616330224196085769087689814273028;1.522916335018044E-23;987780761718750
494551;1015256881161130611653238900329054387184;1081268695541551902338854502020555898501;1015256956317235332782179482604445006559;1.1385250568634544E-6;75156104721128940582275390619375
494552;1015262153837592353197908835712726998890;1110466001306048318461773130535605715929;1015262153837414174140124755207355905140;-1.87155312019419E-12;-178179057784080505371093750
494553;1015262159261385864572092124506638618757;1142088386162779121441465912145874611096;1015262158259126288810237475738572212507;-7.902620776861132E-9;-1002259575761854648768066406250
494554;1015297342180702374147892748055975803269;1206413668474543177316437639546112646821;1015302979890816034580292068436630100145;2.949884095716904E-5;5637710113660432399320380654296876
494555;1016074051417296318884009110178646381606;1206809357491060256711694218798615490676;1016074051417296318884009096830257709731;-6.998383753196021E-26;-13348388671875
494556;1016074071342395372113904758822858706181;1241013124243563079889141764574065728671;1016074071342395340437552734744521206181;-1.408219320546179E-16;-31676352024078337500000
494557;1016074074374831657711866557550658677374;1363622114031695508671430371326298576869;1016074074374831657711866557550658677374;0.0;0
494558;1016103823832711109809110091456327766162;1406889669859931479980441963595489183358;1016103823832711109809035020118405500537;-1.9210352341429608E-22;-75071337922265625
494559;1016524836624631508539390337058534433802;2098023146851856751327003138221850118203;1016524836624631508556284391293397715052;1.5620971457009308E-20;16894054234863281250
494560;1016524840541560871517034266220508819327;2102731247180217881645810439338357460753;1016524840541382660354840365158497100502;-1.6406749316217732E-13;-178211162193901062011718825
494561;1016526194310737628131995685700725216043;2121284498890963375690554582089549015628;1016526194297374167121837623719524044168;-1.2096275678358232E-11;-13363461010158061981201171875
494562;1020797703041866549364203754496630924827;2121289384172449291074269527388324208912;1020792065331752888931806436912959049827;-5.122901163476828E-6;-5637710113660432397317583671875000
494563;1026690172105981697658518567477962831971;2121289452951862184816881990103833224765;1026690248277707079832994969760677675721;6.958868575476385E-8;76171725382174476402282714843750
494564;1046562035923270773061074395585557599608;2121289452955290041256494462816610731253;1046562035923270773061074395585557599608;0.0;0
494565;1048276573320305215155162634604230616725;2122146163348774542166765992370906173370;1048282211030418875587562956104543116875;5.249902004870975E-6;5637710113660432400321500312500150
494566;1049883398850077286429591581411566441810;2122597402981833941360384768038240728592;1049883398850077286429591581411566441810;0.0;0
494567;1049883398856587772063962508281918151039;2124272188731530233144370189968941532524;1049883398856587772063962508281918150964;-6.98071319310116E-38;-75
494568;1055926599134055733075265545987564346554;2124707265721202168433470235859162693287;1055926599134233912555403990735367080929;1.6671285859559128E-13;178179480138444747802734375
494569;1058390623189661280834837736495033762899;2128528128611130924551807277425032161518;1058390623189661280835062990553871653524;2.1049076188501137E-22;225254058837890625
494570;1109964470466065183741655911966537375038;2131539273116601945914815069100821465351;1109964470466065183741657914046859640663;1.959798065761908E-24;2002080322265625
494571;1110060010966495801928816226960912223299;2152563327540251881543178624788704168073;1110060010966495801928816226960912223299;0.0;0
494572;1110116099339404309247429152969339697108;2154309446987163664447675696229098131226;1110116099339401933943378707946634618983;-2.2747741649531087E-15;-2375304050445022705078125
494573;1110493673556305915010546565862122693890;2154309593250241563854476703013049833379;1110493673556306010056496692688050428265;9.105623734374065E-17;95045950126825927734375
494574;1111210353338751297163766485567893101031;2154309823821663679085560116396196836082;1111210353338751297163766485567893101031;0.0;0
494575;1111211547349553432314040626113261678758;2154721400769754548633855325130162291555;1111211546347293856552185977520800741258;-9.604696807383802E-10;-1002259575761854648592460937500
494576;1122209208254433976601844563308265907548;2155109851366963182344732950276418531248;1122209208241070516014037888344887001298;-1.2937798690431055E-11;-13363460587806674963378906250
494577;1147259761412361669425167358675135796031;2157743351688777846986906503213496696258;1147259761412361669425167358675136217906;4.174981207607703E-34;421875
494578;1154750073047654610044880775726643132852;2159851933459127182548829611645738720516;1154750073047654641721232799805012273477;3.151556401568153E-17;31676352024078369140625
494579;1154750073048181480983388233278772566483;2160668733800599483348487126881581720456;1154750073048181480983388233812708113358;5.307939575110586E-28;533935546875
494580;1154750073049612116960609015612555509926;2185130739263382838548016892470556258260;1154750073049612148636961039690924650551;3.0742378096510737E-17;31676352024078369140625
494581;1154750073051933351483657678415738925038;2185175758463547507382870328788429183431;1154750073051933351483657678415802206288;6.141272572676762E-32;63281250
494582;1238712296126913303992159957426151716049;2186011727221896697096179033278909636099;1238712296126913303569808597105106794174;-4.458477926381198E-19;-422351360321044921875
494583;1240720280244462959040749585738125518111;2187239247697199247124406708386720197229;1240720205061628939742664615086582127411;-7.943087946946218E-8;-75182834019298084970651543390700
494584;1268665783803587124879969781563440962730;2188598906110746393622461501518922427652;1268665783803584749153567975685755415855;-2.5824990362860735E-15;-2375726401805877685546875
494585;1301973826103525857671752358518740575458;2195753255304479826487630619959751158048;1301979463813639518104150677765530028583;6.307719700710265E-6;5637710113660432398319246789453125
494586;1318618479205685002214861921858600707673;2216871041188111184838036318174590068210;1318618479205682626488460115980915172048;-2.6448312004395456E-15;-2375726401805877685535625
494587;1349026305117272188710870422601581019078;2217683467468019871452481283585101730133;1349026229947804006571696693658709925328;-8.653525399907672E-8;-75169468182139173728942871093750
494588;1490527061128618882275149163271727179300;2250404973851294082196981643620162623600;1490527061128440702800645073916258007425;-2.3448434481489877E-13;-178179474504089355469171875
494589;1523525689635626183257686694271473688627;2282828053739747313002494514347090507517;1523525689635804362737822135097858063702;2.346620905700322E-13;178179480135440826384375075
494590;1524036544467664791233204761519871600806;2347085170279997800890762435912043717587;1524036544467664822909556785598240741431;3.848661066995213E-17;31676352024078369140625
494591;1554323522860586291782336644882250170621;2348844891725942396429609718490741189202;1554323447691115797269615327595736498746;-9.460975304145827E-8;-75169470494512721317286513671875
494592;1591137999343220912905742152813843185181;2376002708471895241349625347360901660167;1591137924173574550864156707409790450806;-9.577401746791741E-8;-75169646362041585445404052734375
494593;1759550164465693437898224355863703580935;2386042564904271345149835364854541462749;1727838269582498476313119890379084440310;-0.050618163701578754;-31711894883194961585104465484619140625
