494594;2507969178661522300282769092518254968207;2407956114676847542681935381822583194394;2507969178661522300282919261890813561957;1.5014975701734782E-21;150169372558593750
494595;2515429969692314653088666141561022031957;2413109066110635388476128563297916156198;2515429969692314653088666141561022453832;4.123057803757877E-33;421875
494596;2570533169856289457539018548054543925375;2539100611663906548116298129415227202503;2570533169856289457538942462239114249125;-2.4206052515354674E-21;-76085815429676250
494597;2570564898239493169605082216810432304110;2569234248447772285640187244716421527594;2570564898239493169605084219066360044110;1.5047204307232113E-21;2002255927740000
494598;2573018272411322532758802858395626487268;2570795974222486565131622561449443205052;2573012559531740690187305894897022982893;-0.002570707932239714;-5712879581842571496963498603504375
494599;2575103784327757367695272993913787344750;2575069277437825064403742684025285378860;2575526612572916032134586405626433829125;12.253444050975972;422828245158664439313411712646484375
494600;2605158713496661102470516134993381700181;2632111999151850810993051431380614803109;2605158713496661102470441050307102403306;-2.7857340748674076E-21;-75084686279296875
494601;2608907788677867856827445623576612235585;2632112002081651380646729447932292845376;2608907788677867856827445623576612235510;-3.2321716187876036E-36;-75
494602;2610987130566726945609429102299676751678;2633504152629946074726267462371960970307;2610987130566905124667214183934198236053;7.913082701825466E-12;178179057785081634521484375
494603;2636334492970386682103266298516925561835;2633504152631342331229407186731180932582;2636334492970386682103341383203204858635;2.6528500916836292E-20;75084686279296800
494604;2668052406217561969278048778309767099097;2635489074599419136059648472151447556957;2668052406217561969283680143129102614722;1.7293576976005646E-19;5631364819335515625
494605;2668063782738267218838431347392063105403;2635506351670093124947511168246169982271;2668063782738267218838431347392063105403;0.0;0
494606;2727332855927277061881184501810853937528;2636763111894113145165370233886558471277;2727327218203799940438778289957826593778;-6.224731600276001E-5;-5637723477121442406211853027343750
494607;2763218602601812022598680894137591638922;2791981459806697138481441039902290371428;2763218602601812022598605822799701013922;-2.610009755146119E-21;-75071337890625000
494608;2886259834666618168243984993191107852629;3044375715032537721869165863857955166098;2854547716279537812187645279312689883879;-0.2005625134786627;-31712118387080356056339713878417968750
494609;2892570009849323207337068053125228635633;3081589719356581800889905717567373361017;2860435062201458742666648360136810666883;-0.17000844902171666;-32134947647864464670419692988417968750
494610;2960696536850736631650349218933111803778;4821640605993223722121834434235960270133;2950507016953641844414624683816154875827;-0.005475457358474005;-10189519897094787235724535116956927951
494611;2982219136356345237665328495464035735202;4821647366369084486818709068191467730771;2955169867061405771439386226724897926031;-0.014705259413547292;-27049269294939466225942268739137809171
494612;2986881985448486127918077327799116676031;4822424919229478239857974662414740953775;2956883204751802727818711718112283824774;-0.016343273777252167;-29998780696683400099365609686832851257
494613;2989018151397585796207412202983445934149;4824126910467723670745729188241176740771;2992408656240076563890894968597418866278;0.0018475770581623508;3390504842490767683482765613972932129
494614;3145047346343003331869416952727173544390;4852907123033051357699832487687475640003;3145047346343003300187433577177825491890;-1.8550693568620283E-17;-31681983375549348052500
494615;3204778869071662553714794474381783782076;4860429552011946768187987698259781610003;3204778869071662553714794474381783782076;0.0;0
494616;3208443927810324906975870063213194299750;4951844268811022498654972820886172251196;3208443927810146727495734622386778284125;-1.0220227445474015E-13;-178179480135440826416015625
494617;3209279862474176981545285531952094287047;4954295626429001522751722793576354761099;3209702690732701513986347106884955615172;2.4230626866444672E-4;422828258524532441061574932861328125
494618;3298997268809619827435102257764798937952;4954730777403264196362358136557812990983;3298991632115129203774716649091702812952;-3.404348864939857E-6;-5636694490623660385608673096125000
494619;3303611840336845135244222071031901755632;4980917037949541826583659900919434134772;3303611840323481674234063995702311911882;-7.967220890496405E-12;-13363461010158075329589843750
494620;3361958464477898424047951244145403978026;4980939908367921208010690034755376275024;3361958463475638848286096595555316087401;-6.190679822454704E-10;-1002259575761854648590087890625
494621;3457224255491303222097971875680426333174;5012634869232631127081034687833566545983;3457224255491305597824373681914068489424;1.5273950047773868E-15;2375726401806233642156250
494622;4760679822161323246632616263105538925059;5106152308548726895327642381588033910616;4760679822161323246632616263105538925059;0.0;0
494623;4797003958139808182962016160716096089085;5139425995475959476572554260628362568951;4797003958139630003481880719887307026585;-5.203505052466128E-13;-178179480135440828789062500
494624;4978994435465674071014143478370477861988;5142482390892117620323089297942140086570;4978994435465674071014142477246073143313;-6.123536147402006E-24;-1001124404718675
494625;4983037134562384276926408738616431164251;5143300460212581179593577513080842419396;4983037133560124701164554090026343273701;-6.253829887128786E-9;-1002259575761854648590087890550
494626;4991109872472672556752866689566865494016;5169086970428489555479679937663813737255;4991109872472672525076514665488496353392;-1.779799333054754E-16;-31676352024078369140624
494627;5010938218068155298892384864905956203734;5174579157447046573574672280922313775082;5010938218068155298892384864905956203734;0.0;0
494628;5010938221053181939440547973667500273252;5236772189663336299420261040719267781328;5010938221053181939440547960319111601377;-5.910708984137652E-26;-13348388671875
494629;5012397884767605203697967756625807553983;5260057587113919833288214758283969943276;5012397884767602827971565937399732913358;-9.592704744904895E-15;-2375726401819226074640625
494630;5012397884768635372810565302939501683758;5265564947345140666664249909910569209577;5012397884768457193330429862291064178133;-7.038019808820749E-13;-178179480135440648437505625
494631;5013903819869821582088858537254928595008;5268385529291494689221536628647212235572;5013903818867561974650651864586471563758;-3.9384347492631565E-9;-1002259607438206672668457031250
494632;5013921468844724524612132935063698208481;5268457482457014876686033576567762995146;5013921393688619803060840992467262239731;-2.9526707696471267E-7;-75156104721551291942596435968750
494633;5015166504569587648549275755899749493126;5359387954488250951656017987443353580952;5015166504569587648549275755721770977501;-5.170465572876265E-28;-177978515625
494634;5078190017999104853151084461129126452582;5395328135968438560146009714895966114465;5078190017999104853151235631630835436957;4.766708671822354E-22;151170501708984375
494635;5265949750787993874987419039362737289237;5486315127492224018111429139136096544995;5234237631398653942746873290054387680012;-0.14390699602462179;-31712119389339932240545749308349609225
494636;5772063586175081734277163515914904637923;6912437262550657248874743499694185833741;5772063511005613552138064871658313684798;-6.591652345137303E-8;-75169468182139098644256590953125
494637;5810106186566495742462246076253688592206;6915369312870102510058762892998559487447;5809683358307971241708724157003200310956;-3.825589115042577E-4;-422828258524500753521919250488281250
494638;7301449860545990835456010190738195417331;7135711937395990276747455682528791673641;7301872688791151906875726072085851667331;0.0025511858549017302;422828245161071419715881347656250000
494639;7301573221475726729377012994116597751852;7169132731814200733728486113510414615743;7301996049734253637533288743323141142477;0.0031925905711124828;422828258526908156275749206543390625
494640;7422492943695059636570845434718655794156;7169916145098206070907272379877788310628;7422492943695062012297247240952298372281;9.405956584310863E-15;2375726401806233642578125
494641;7523481005474081985325317796557303521336;7170390323992232085492807521689106043828;7523903833732606517755341909436698052586;0.0011975061385081252;422828258524532430024112879394531250
494642;7524747692422801772754655806537830238174;7170390388028849022953321752502714677951;7524747692422801804431007830438220874424;8.939099499606918E-17;31676352023900390636250
494643;7676533704116419387203834349106325193734;7170823372424223723886278219272625916957;7676539341839896508646390730331911131234;1.1148127937700282E-5;5637723477121442556381225585937500
494644;7685918554247362818527974900700076596486;7170823372450952926767321317397400565947;7685918554247362818950326261199068393361;8.199481871020979E-19;422351360498991796875
494645;7865453595449705346288496831896522052006;7232985063735187467277716223541988042823;7865453595449705346288496818548133380206;-2.11052218449742E-26;-13348388671800
494646;7874003821966925541810197431609705287926;7234248584333153516384982509419045523253;7874003821966927917536599250835779506676;3.7134926954348925E-15;2375726401819226074218750
494647;8088794795004582509900536062746470691337;7265036274718146607137365783389688384629;8088789157294468849468137756850475441337;-6.843886861042842E-6;-5637710113660432398305895995250000
494648;9703950178096593326052454181745853582372;7265102889020128026149972930302844245646;9703950178096593326052454181745853582372;0.0;0
494649;9703950178428182955771300402266382158037;7266726604789864947346606112471229460871;9703950178428182956193650761458244626787;1.732915944848558E-19;422350359191862468750
494650;9703950178428182955771300402266382158037;7266788468075720098077848494327297131301;9703950178428182956193650761458244626787;1.732959932030042E-19;422350359191862468750
494651;9739927964287433085140800962253114504879;7267595118584889008335808737301151126895;9739927964287433085140800988949891848704;1.0798213270607897E-26;26696777343825
494652;9744084058135523961338591154090158065656;7271484076969791761266459641916872874057;9744083982966233958679627950659982284406;-3.040091020595238E-8;-75169290002658963203430175781250
494653;9800770340705349153542315911180243335008;7773372206600194512018944540011598220677;9800770340705349121865963887101937475633;-1.5624139872289806E-17;-31676352024078305859375
494654;9993563569337946004303718837984223645403;7896385531985140068089120222109166935082;10025275688713922475534106525667329125403;0.015121329143807727;31712119375976471230387687683105480000
494655;12114063684649768487015413677173157850061;9295845592832856692797897036866084980707;12114063684649768487009782325702210584436;-1.9981957703339843E-21;-5631351470947265625
494656;12147044131381004806816487800781986792653;9704342953611693014880329077741969641156;12147044130378745231054633152191898902028;-4.103078939345023E-10;-1002259575761854648590087890625
494657;12147190693896475206642926387492951242801;9769035372399037674066988618628058651816;12147190693896475206643001472001252024051;3.157258385188369E-23;75084508300781250
494658;12147190712873530597067529883746442258135;9769142476971524386753447724441040268352;12147190712873530597067529870398053586260;-5.613169855157243E-27;-13348388671875
494659;12149143671087610524533367164210102511302;9769142494959132557243101500413609799458;12149143671087610492857015140131733370677;-1.330938502963513E-17;-31676352024078369140625
494660;12149198330047296322069848499851197003112;9770739528601699255422798523879048228651;12149198330047296290399126826114624737487;-1.3315648626954358E-17;-31670721673736572265625
494661;12154391779602057380662027992612052787797;9770772312323894314751680306922243496237;12154391779602057380656396641141137162797;-2.3625211776550987E-21;-5631351470915625000
494662;12240958145917647900190121320726071298877;9775074916522020993818236424506081692672;12240958221087116082751571325303771298877;3.048379067040617E-8;75169468182561450004577700000000
494663;12336134499160833844129307202396679388794;9799135401264168514644774895071798213753;12336134499160833812452955178318310248170;-1.2485756124367601E-17;-31676352024078369140624
494664;12368296206336531921442519175505912324457;9862971564882644510167091030736509460376;12400008325739232938966821181273734584457;0.012657888274430523;31712119402701017524302005767822260000
494665;14429873288914795489437419739892232377742;9958434017211321328355649026521534829993;14429873288928158918771225804491841752741;2.9886192167192356E-12;13363429333806064599609374999
494666;14440014104008896364912739472228617223472;11955926792736692666150158131544778922747;14440014104008896364912739472228617223472;0.0;0
494667;14819318639157109276130824701952474123208;11955926792779085123084135386747418788587;14819318639157109276130824688608831545083;-4.6600826201987364E-27;-13343642578125
494668;15009655417825504968119754636384327159461;11955926792779085123084135386747418788587;15009655417825504968119754649732715831336;4.371177111938717E-27;13348388671875
494669;15231149476273957925784985392636093401706;12084510572626545084516225282204599290055;15231149476273955518382231562680038714356;-7.650711846978773E-16;-2407402753829956054687350
494670;16652353485362491639837119375816244509382;12089929374198938681989354381508121234367;16652347847652377979404721056576605837507;-1.2356830439909827E-6;-5637710113660432398319239638671875
494671;16652353491618388097375024025277964344277;12115309600395958126613128705317987860707;16652347853921637897952783768014780750527;-1.2425925085508572E-6;-5637696750199422240257263183593750
494672;16652691210905599606991246840679795560707;12179590927679166393918448839843410782199;16652691210905599606991246840679795138832;-9.431378088749285E-35;-421875
494673;16653171020520656289061580394263119454269;14274338569794125390406231537860247345009;16653171095690122095474277232642025704345;3.159931073895298E-8;75169465806412696838378906250076
494674;16655284114557668899085122251918067074383;14276802245826048802244556281635496361091;16655706942816193431526258898188819865633;1.7777232783784694E-4;422828258524532441136646270752791250
494675;16655284114624478981229210281586926104008;14305565525001125747176892132529072013583;16655706942869640052648926163288166338383;1.7994846150016987E-4;422828245161071419715881701240234375
494676;16680637121688138920090462851118459648028;14309856443039514038302225215362648710144;16680637121687960740610477606183401054278;-7.515645862560745E-14;-178179479985244935058593750
494677;16747812324743892432829067357618413130555;14311964266914680218047724243425091924748;16747812325746152008590921005079350630555;4.1146227185247793E-10;1002259575761853647460937500000
494678;16747911642923005151937512625043494246031;14334318686689549685753992756101786954604;16747906005212891491505114305799109480406;-2.3358164429094083E-6;-5637710113660432398319244384765625
494679;16748656241659755295274325215900459900506;14335232310598009525081735332495853585645;16748656241659755295274325215900459900506;0.0;0
494680;16748712244829394488223374443330067438627;14335998209222904331644992391129055944976;16748712244829394488223375444459186188702;4.149389873708836E-25;1001129118750075
494681;16750781744246190222738104845472394994149;14368155473430304039789139966830693076322;16750358916989925266070010452698957494149;-1.7746268537539766E-4;-422827256264956668094392773437500000
494682;16758065517419071630554378365567019842108;14369019175251535203118526534027699000392;16758065517419071630132027005245974920233;-1.7678659173176757E-19;-422351360321044921875
494683;16778834683029028228820881166702294919773;14371098360682413215934647999785150734980;16778834683028850081017096748825097654148;-7.398974801808549E-14;-178147803784417877197265625
494684;16782133714596551933437766299180522892857;14371933126769128958134394286477823111962;16782556467685608283728691767803325627232;1.754016205918462E-4;422753089056350290925468622802734375
494685;17035880664420616497891721500653164693133;14399444538804375556001638396722289019318;17036303492679138654595194639238233052508;1.6037872278181015E-4;422828258522156703473138585068359375
494686;17416439401127613955518417822665997211126;14399856166780760043883688108316894133432;17416862229385960340144508349068829242451;1.401679401821428E-4;422828258346384626090526402832031325
494687;17537332418289869054039015687817975174383;14402753123948545723085039613002237120794;17537326780566391932596460307543561111883;-1.7985582586150882E-6;-5637723477121442555380274414062500
494688;19031578852202510159976221010371694003156;14404586124388271902665888557889150625575;19031578852202510159976145925685414706281;-1.6227534966273095E-23;-75084686279296875
494689;19035767683138079868094715824350436513523;14462446473386172409632585494549402901821;19035767683138079868094715824350436935398;9.224696465676107E-35;421875
494690;19060721700208524583753270277468392656076;14590122857523328150969230850696328006253;19060721700208524583330918917147316093576;-9.447310644123859E-20;-422351360321076562500
494691;19062419298447314896503242003888315912484;14590975366383776189454283945303427528719;19062419298447312520776840198010630365609;-5.313107886180063E-16;-2375726401805877685546875
494692;19063264217235536932311817435342681158751;14714717538938885688699706332270466800006;19063264142066068750172718791088462408751;-1.7286112750566902E-8;-75169468182139098644254218750000
494693;19072176003814664115970392815730376882070;14718736849480550182018095532647674006328;19072181641524777776402791134974761647619;1.295001472122965E-6;5637710113660432398319244384765549
494694;19072176003814664534059117528654646762192;14842117982444132419567264204853997369298;19072181641524778194069164474229598772191;1.3327737078730188E-6;5637710113660010046945574952009999
494695;19125003170677535660721870095985561163522;14872985810751210421298598265603898126780;19125003170677535660721870095985561163522;0.0;0
494696;19130475864684176341319259643570726377847;16334391216601638852243310932552952407448;19130053036425651808889385700063890440347;-1.5122155147001507E-4;-422828258524532429873943506835937500
494697;19154212295164491210218340451978984650082;16650177634000432458564847059768814046402;19154206657454555729266077573558642853207;-2.2514504383338415E-6;-5637709935480952262878420341796875
494698;19158382476640596167657491438426954224833;16651017200732500889886662371753247075702;19158382476640596167657491438426954224833;0.0;0
494699;19162234880961010036662032894757554319827;16652285898013674958592592326124540844359;19161812052715846589515915207532212522952;-1.6846089224767288E-4;-422828245163447146117687225341796875
494700;19164285439854638533702510237161626008211;16656947237959981946559831040958807579038;19164285439854638533702435152475346711336;-2.9945974668498867E-23;-75084686279296875
494701;19218959496504498623412656703797915225635;16656947237959982522219776659164564979614;19218959496504496247686254897920229678760;-9.272892406672293E-16;-2375726401805877685546875
494702;19830658882619761255826083368125645648029;16682767951254810202988806279810194281242;19830658882606397794815925306144444476154;-4.245210936950587E-12;-13363461010158061981201171875
494703;20410994488054437886287490881130055993327;16688219627130888737165129991144246605323;20410994488080986628827671564266073962077;7.131439190387798E-12;26548742540180683136017968750
494704;21411211209762201583326322295086362772381;16714068436660651330918761371409238141958;21411211209762201583326322295086362350506;-8.981523883325214E-35;-421875
494705;21411211263932199446322578912725012564732;16744496374944402428257517090028293184378;21411211263932199446322578912725012564732;0.0;0
494706;21439248568439202111193831773832001771337;16746124774046673794223052054196031797032;21439248568452565572203989835810829474462;2.8474554679603992E-12;13363461010158061978827703125
494707;21441711201268696390200477778882592767427;16749153709805880558983721256508563048276;21441705563558404550287944018811791986177;-1.201415284116735E-6;-5637710291839912533760070800781250
494708;21535934249486912308487940548491017232673;16752478615771148714295159735803907127506;21535934249500275769498098610472218404548;2.79368348604864E-12;13363461010158061981201171875
494709;21536338436532337177744856442170811878128;16776586529568073786561776638783114169072;21536338436532337177744781343958165393753;-1.577775777275364E-23;-75098212646484375
494710;21545642929327541715243325697098584519769;16780796604062090432209935725875981340397;21545642929327546466696129308853955613520;9.971890968271785E-16;4751452803611755371093751
494711;21546065666381929010741587646300381900506;17195528575762810256901739876222604079830;21546065666381929010741587646300381900506;0.0;0
494712;21546066348999285994995124684397748059418;17616031059406222389136658321137434925201;21546066351045654773423024497427977413761;5.206998481277738E-10;2046368778427899813030229354343
494713;21546066425212863411476620517172818825636;19027722743555325381290970596074204339731;21546066424168754177134223328654339856293;-4.1460156607980497E-10;-1044109234342397188518478969343
494714;21546067089668630971212330835070423992583;19027769183429550891102548413177672676175;21546067089668630971212330835070423992583;0.0;0
494715;21547097210123194314631524702059887201299;19030671636863830170100897330679489695642;21547097210123194314631449617373607904424;-2.9837833106283573E-23;-75084686279296875
494716;21556252807124197195004285721318581019608;19032814266367862052540130270223800267427;21557098463641602618824304489629127472733;3.351207107869408E-4;845656517405423820018768310546453125
494717;21822681784699185621689505023991213558832;19059447326204117677272494332342151030706;21822676146989071961251400268589602225082;-2.0402576033055437E-6;-5637710113660438104755401611333750
494718;21824393325059837860011059450434720492586;19059502279067482960096169241744641677733;21824816153318362392440933393765950961336;1.5292763855465918E-4;422828258524532429873943331230468750
494719;23784142164762047933903992408260122546261;19060297605476747537994927041447981554742;23784142164762047933903992394911733874386;-2.8257468052451244E-27;-13348388671875
494720;23784238161197739823155849441169614281560;19064486614279605719383627540022500319480;23784238161197737447429447635291928734685;-5.033583607504002E-16;-2375726401805877685546875
494721;23785826308072810710638087982375786814977;19067869911822192621170527478087433268579;23785826308072810710638087982375787236777;8.940311536902003E-35;421800
494722;23790855330537305819383005577460727751504;19125801284887293638588777764144255043700;23790432502278781286953131634131870329629;-9.063737619906117E-5;-422828258524532429873943328857421875
494723;23797622227342141826821139138882908633655;19125909011931524137465185043342622694837;23797622227342139451094812417691470743030;-5.085342822167174E-16;-2375726326721191437890625
494724;23815858063863391850822818257582797684336;19126292382059622422119461118035298546195;23815858063863391850822818257582797684261;-1.5992952245239138E-38;-75
494725;23815894199127584498974009928047233360168;19127064893727927702752583905568818008132;23815888561417470838541611608802848594543;-1.202370516488635E-6;-5637710113660432398319244384765625
494726;23819207380527701120720630796805199934756;19185832850990522129756003673250706993027;23819207379525441544958776148215112044131;-2.163130930540098E-10;-1002259575761854648590087890625
494727;23822613011472077396098780768898626788976;19185877935006511631188980144646028309581;23822190182211295663633453982857367023351;-9.119116227447733E-5;-422829260781732465326786041259765625
494728;23914321039746654732805717260584230286418;19185900478507947943465218033099925798277;23914321040748914308567571909174381458293;2.1196498128315644E-10;1002259575761854648590151171875
494729;23914501133751532361770169315124413408037;19186289713941937457389327235875940323344;23914501133738168900760086337829491111162;-2.826324760795304E-12;-13363461010082977294922296875
494730;23915589585476722989145374248005349300708;19186683765508108960303309571065972394321;23915589585476722989145374248002976253833;-5.018173263209014E-31;-2373046875
494731;23917359454584289763290884706212549377049;19190066307090178544697882617432844345526;23917782282842814295720758649719385314549;8.944405293517058E-5;422828258524532429873943506835937500
494732;23947820091755257728043271831430533501851;19190122534028786657486427453969502447423;23947820091768621157377077869511344048726;2.808801772635571E-12;13363429333806038080810546875
494733;24006548622105962747248892296459001254801;19190122534039128252351950195344469575574;24006548622119326176582698334361833286051;2.7745529754759942E-12;13363429333806037902832031250
494734;24011736854792984822041370719585425242274;19217584341231358067088158912909340274802;24011736854792984822041370719585425247899;1.1733043502658884E-36;5625
494735;24101251032765760879093329148671061146088;19221858352890637159811869576513638241270;24101251032765760879087622712513834583738;-1.1694972164799422E-21;-5706436157226562350
494736;24101639834347506342922025900050032098176;19313584036898460485717025952373214877503;24101639834347506342922025900403616082551;7.384708936837799E-29;353583984375
494737;24101679267743965627272971746701597968144;19314378260502164815470819091927975564208;24101679267743965627272971746699224921194;-4.9569620677919915E-31;-2373046950
494738;24101741380346504595388891530613009429201;19314394947861792070901146031687060414038;24101735742636390934956494212497775054201;-1.177627354353457E-6;-5637710113660432397318115234375000
494739;24103748035381773725148077562908016182206;19314401714111228406420067801099120272309;24103748035381773725148077549559627510331;-2.7871003215181697E-27;-13348388671875
494740;24106707964366321835423422090340102976302;19346958662139970074547794715728873931720;24106707964366321835423422090162124460677;-3.7392413827709653E-29;-177978515625
494741;24106769600389716234626764147999181722678;19346970316400953664822274813566386490480;24106769600389716234626766150257482503928;4.206602382408311E-25;2002258300781250
494742;24106769600390949052919319055474448263298;19346991813971375777229621679301541509775;24106769600390949052496967681805014669548;-8.873342257163167E-20;-422351373669433593750
494743;24199358687664870383355498830326220115679;19346991813971584561888907071746509882565;24199358687664692203875363416196581443804;-3.672011716620187E-14;-178179480135414129638671875
494744;24199364397524309948160286022492209981674;19349539983734289353957482714165918398773;24199364472693599950819249239270774434799;1.549938381045758E-8;75169290002658963216778564453125
494745;24199368987977240604490067699195276778468;19408662809203402655691211976183173007329;24199368987977240604490067699195276778468;0.0;0
494746;24199368987978366470622667770845728658640;19408741964443175944087741901676859029617;24199368987978366470622669773104029439965;4.179532848090062E-25;2002258300781325
494747;24204489231500296772626486355496901644484;19409531384176495710742820863348364215650;24204060765531658548087862068845290316359;-8.935760903036162E-5;-428465968638224538624286651611328125
494748;24228489116852403662181421023567624956355;19409543342320458584305716781696216054206;24228489041682935480036691054536863237605;-1.5598737088807727E-8;-75169468182144729969030761718750
494749;24261040420419637896526378207114207757410;19412057215639282909836027516981286477819;24259806974239162483855529829497059418778;-2.54372128832994E-4;-1233446180475412670848377617148338632
494750;24261057483535240977275114076507202330820;19412057216643701793279394006514796475879;24260241370813992541402352399039190784360;-1.6830535704870283E-4;-816112721248435872761677468011546460
494751;24261097998869193146781850181134591360434;19439576095672389188390126754261569636858;24268234226287151881633098068089619497218;0.0014800777765267884;7136227417958734851247886955028136784
494752;24262383497192291291683569647545600070707;19439964803812872787042750086353839824366;24292752539808977828766923956600535882410;0.006297471154543147;30369042616686537083354309054935811703
494753;24291519093628502416096075579161334418778;19447140634552964726021062633999665791025;24292769602924580909515660827300659361994;2.5813616888989524E-4;1250509296078493419585248139324943216
494754;24291953490202976114682628268353048206235;19471242214291790732006172854812497148141;24292810118258533079022395930798898001059;1.7769744059086985E-4;856628055556964339767662445849794824
494755;24299946345676491813873643817753925715968;19602876286698694303196897712330630340071;24294095616581631223924115397209906711332;-0.0012456124821212178;-5850729094860589949528420544019004636
494756;24387905738519855013157914013298956800393;19661972244974167988000155856636098897776;24356193619130336901437232822808202503518;-0.006710233953319077;-31712119389518111720681190490754296875
494757;24387929954284353432797287954288402470536;19760055644707968012032032261689237985718;24356217835897273076318597854165355173661;-0.00685241565905517;-31712118387080356478690100123047296875
494758;24389162429039421281300946098975453033030;21149445984501952294709884523888852694977;24357450309649903169580264935003529204905;-0.009788547835100926;-31712119389518111720681163971923828125
494759;24389235949454671425808197612878177810952;21407034756658269860312351144724015609387;24357523829063071917805796213494632889077;-0.010633796428021392;-31712120391599508002401399383544921875
494760;24392151082562940199553976860509884555246;21407868102625323954085057819109393819626;24360438963173600266891079750529279086496;-0.01062637812919566;-31712119389339932662897109980605468750
494761;24392151085640858217182463780277182236180;21441632271480141536758098386628125460753;24360438966251518316612638703220297048680;-0.010747980740587313;-31712119389339900569825077056885187500
494762;24423140912569865609865210345539675284900;21441632364667258602959668140598139825246;24423140911567603658376953891071901847475;-3.361593419523532E-10;-1002261951488256454467773437425
494763;24545221677988417669959843290500402375558;21503787125187024153483447742836452449424;24545221677988420045686245096375714869932;7.811203432333107E-16;2375726401805875312494374
494764;24865701156533324128520892796066011123244;21504216566474310689019072766104303987448;24865701155531242732239173588302370888945;-2.9810679461247416E-10;-1002081396281719207763640234299
494765;26165903675188662543352969442603397831160;21508851153960464632070278436241407200643;26165903675188840722833105884558964237410;3.826013971804014E-14;178179480136441955566406250
494766;26171034979725339655058102526456191789121;21509696497773652220321731926896265460871;26171034979725339655058102526634170304746;3.8181847620403007E-29;177978515625
494767;26176964867657538250232623014532551055609;21509697029985617026625017209314895324375;26176959229947424589800224695288229998659;-1.2079251308775494E-6;-5637710113660432398319244321056950
494768;26200632505053743514673050027602375600709;21509697325720953318051661923318691708206;26201055333312268047102923970935979116334;9.013730575246894E-5;422828258524532429873943333603515625
494769;26206473169309746898313970852482859257430;21509697621318263451849798923965929033757;26206473169309746898313970852482859257430;0.0;0
494770;26229017922403184733924061514998960247048;21510671888907282275566482299846079071245;26229017922403362912981846596633545012673;3.776303317310234E-14;178179057785081634584765625
494771;26260617210196569169390025809864940628983;21522849438831291081405482836489578180307;26260617210196390989909890382386913285233;-3.760831867115379E-14;-178179480135427478027343750
494772;26261919596432258105200736108013381697819;21726708796072865538485446036625072415006;26261919596432255697797982278057327010320;-5.308248855023854E-16;-2407402753829956054687499
494773;26265696939382646779687926083890107877971;21727527612316190600439428945506438807503;26265274111124122247258052140561250456096;-9.317154739086284E-5;-422828258524532429873943328857421875
494774;26268346580015605878616520810928737705793;23788740806317573390828074189338107156673;26268346580002242417606362748947536545168;-5.3893490456864325E-12;-13363461010158061981201160625
494775;26292363456938973438149852066456380076347;23797619972230799326730657175879832896226;26292363456938795290346068636359944529472;-7.140926707511542E-14;-178147803783430096435546875
494776;26292776215971424363756522188406261544706;23812464578148396540268108658645105700307;26292776215971421988030044296713146304706;-9.578338631579661E-16;-2375726477891693115240000
494777;26296146367887714279190265910580499959354;23814934126582551174928938242818889589457;26295723540631627502002382056668146443729;-1.704115629642236E-4;-422827256086777187883853912353515625
494778;26301615252575813268119519450317252773762;23816654535275009329424212845561046207348;26301615252589176729129752596984733242512;5.377735316777446E-12;13363461010233146667480468750
494779;26352794969207294034465998216631323741555;23816670473196111240223053282753781646707;26352794894037825852326899572374731944680;-2.963950243782025E-8;-75169468182139098644256591796875
494780;26354627918771497615682488855731976211649;23817083241707745886430478763993905902705;26354627918771497584006288002155316055399;-1.2483012078522252E-17;-31676200853576660156250
494781;26357000050566174536321820865363479111227;23818802069815483690658441842155218683276;26357000050566174535899469505044807236227;-1.6639811532501428E-19;-422351360318671875000
494782;26385808873474240206238014037404099058306;23819302911167137398022818086366905933278;26385808873474240206238014037404099058306;0.0;0
494783;26577718124359748759880972273524485147582;23819319673691104019011493431782285361883;26577718124359748791557324297602854288207;1.1483602746513984E-17;31676352024078369140625
494784;26578162660467356445908414088764681913846;23820464812556260278620901989194714588444;26578162585298066443249451886463656523221;-2.7257986243706242E-8;-75169290002658962202301025390625
494785;26607207913546672423302528346253767400711;23820887104459450372320375173818486865691;26607219113797436313481029952063338135086;4.019727637737198E-6;11200250763890178501605809570734375
494786;26612129034309438035923547835766253413132;23847598443521790913038899949530555963121;26612129034309438035923547835766253413132;0.0;0
494787;26799284019195390640678980520958100997673;23848315689846382901453696545455597445355;26799284019222117562693665293449619357048;9.057000628868425E-12;26726922014684772491518359375
494788;27146004784065521719747447193752854116929;23856399413305766803385765542073428178858;27146004783063262143985592545162766226304;-3.0467471407683667E-10;-1002259575761854648590087890625
494789;28543478328496776115394048572385543443368;23881824886541330071534210552508590204576;28543478328496776115394048572385543865243;9.049900539647025E-35;421875
494790;28543579809323315282118017399221888169635;23911818931670549923927812269093098589398;28543579809323315313794294338613978851510;6.838927521544389E-18;31676276939392090681875
494791;28543908220776534478659440338388926429277;23913486350902321241171681618958917717477;28543908220776534478659441339518076819902;2.1620689831827806E-25;1001129150390625
494792;28554461332853376156381765411905991021924;23913509133106319633090365662373889283832;28554461332853376188052486084513412896924;6.82418592338304E-18;31670720672607421875000
494793;28554461334776132077793319018767990835530;23913514830014931199247615898071726698661;28554461334776132077793470189089348257405;3.257316609927188E-23;151170321357421875
494794;28554461361449410081157352840651513896406;23914382887032902452165278568807617328116;28554461361449410081162984192122461162031;1.2136328085820598E-21;5631351470947265625
494795;28573150344426190356714749074959928586560;23915177953562626851580111643712962361083;28573144706716076696282350742367155149060;-1.210335665518024E-6;-5637710113660432398332592773437500
494796;28583196451194133036100976927193011564856;23916503209195528555415522194254855252826;28583196451194133036100976927193011565006;3.2142674099521376E-38;150
494797;28639534607610701599525476281526489971862;24037814083555984232418324194694529733102;28639528969900587939093153046968384503112;-1.2251309231384772E-6;-5637710113660432323234558105468750
494798;28639590159971229049506154318717954513281;24039152101782863336054333180610456648753;28639590159957865588507258959678711153906;-2.9048235906816745E-12;-13363460998895359039243359375
494799;28641687165539283465896038674537838225427;24170572086788947301528555851101840668194;28641687165539283465896038674537839069177;1.8871131365194602E-34;843750
494800;28731343886018476014823332147359495055163;24228493920536451955715549222540510783632;28731343886018476014400980787038450133288;-9.379645414764176E-20;-422351360321044921875
494801;28736768341286008661190811293872507256234;24228493921508583168104661105738311391156;28736762628406426818619314330193552178109;-1.2671987217061684E-6;-5712879581842571496963678955078125
494802;28956265824428147581863999319384645523261;24228516545370015351035096881702670062500;28956265824414784120853841257225465835761;-2.826601036005096E-12;-13363461010158062159179687500
494803;28959508182305356282794580697978779843207;24228528948638379747577994944339225968836;28959931010550517353791945219005391171332;8.937436084100866E-5;422828245161070997364521026611328125
494804;29178532480353988347773233895419971221254;24228555409160001978734250559551719863355;29178532479351550592531243806181445830629;-2.025136158863442E-10;-1002437755241990089238525390625
494805;29178533001488290597144270603347101341971;24228556237040651597786012599423397361083;29178533001488112417664135162520685326346;-3.5996023539985975E-14;-178179480135440826416015625
494806;29430194213134107232926907787148821344890;24228566757772045611744924767969675454841;29430194213134107264603184726540911188715;6.089685816837731E-18;31676276939392089843825
494807;29560500645494544921623224613727595359830;24228922314356301099626149782340379018770;29560500644492285345861369965137507469205;-1.879855295210267E-10;-1002259575761854648590087890625
494808;33523567743602038090313711279749516627610;24229000943756005068333973796432188827014;33523567818771506272452960093378667018235;8.087463332167825E-9;75169468182139248813629150390625
494809;33526054446595096434395800620803680295778;24229429948817906371984770975179793039382;33526477274853977294109593421707001452028;4.548191216951458E-5;422828258880859713792800903321156250
494810;35678671963191567667408650256949197826852;24231464399398424892389987212206714977182;35678671963191567667408650256949197826852;0.0;0
494811;35678678730404559771294025401041019271749;24357473904510690158574217452872376641328;35678678730404559770871674040719974349874;-3.7306220213862977E-20;-422351360321044921875
494812;35678705115007906518104219809753176814436;24357473904516790780705371831122745842476;35678705115007906518104219809753240095686;5.589608481925426E-33;63281250
494813;35680363055817026964674562063191948484382;25913898774871169801099556134417850467480;35680363055817026932998210039113579343757;-3.2433797035308047E-18;-31676352024078369140625
494814;35707892300017828134843963824008814678177;26033490697725156442226142738821203242597;35707892300004464674256157135697047100052;-1.3813216710622981E-12;-13363460587806688311767578125
494815;35707908454437660946957170298965516080633;26355775576798551025673294688519082886274;35707908454424297485947012236984314908758;-1.4289212081353133E-12;-13363461010158061981201171875
494816;35710530284344970687452934747645124738628;26356583828062246029741408646951433251791;35710530284331607226442776685663923566753;-1.4286441634677396E-12;-13363461010158061981201171875
494817;35774743594181769714104137960665838189289;28540975933825113311741763338199166440233;35774737957473915629433594276663215923664;-7.792215784003706E-7;-5636707854084670543684002622265625
494818;35774819141230566428585716598198114269285;28548095992842914934731021416674340736471;35774819141230571180038520209953485363035;6.57483717868983E-16;4751452803611755371093750
494819;35776820359544237397414370596724858795514;28573476507826296095486687196046148719125;35776820359544237397414370583376470118089;-1.85308225626929E-27;-13348388677425
494820;35806441196652097765197422373135124708278;28573577987597452034658620025260284902608;35806441196652097765197422373135124708278;0.0;0
494821;35806844857524411570027557093273341496557;28575191784995575646135131434223819350451;35806844857524411570027482008587062194057;-1.0382783234517933E-23;-75084686279302500
494822;36061038453307037447147988618594017613172;28581516704556920431190424806444947466245;36061038453307037447147988618594017202547;-5.489990052754622E-35;-410625
494823;36091821547308966090969698850726743811023;28581516718266774039705281300366730661192;36091821547308966059293422912463804357898;-4.217708423201605E-18;-31676275938262939453125
494824;36091910851639316716844691855887365117978;28581516768566668004651115865977483673579;36091910851639319092999076386905494805628;3.1638211766896887E-16;2376154384531018129687650
494825;36605195119493546517994676873882837642410;28604839384908971852187995388189539616819;36605189481783432825880295179091509517410;-7.046824292226121E-7;-5637710113692114381694791328125000
494826;36723166311706957685525811308079056032734;28608634239311887237576542425368161516234;36723160673996844025093412988834671267109;-6.947671243840949E-7;-5637710113660432398319244384765625
494827;38056270537308362406122037500081971909579;28671207262013442311697648291780397793112;38057104970843991987286930755895762219211;8.891080551647741E-5;834433535629581164893255813790309632
494828;38057082642277780426709426777421659234798;28671223422539497786937964891804905572417;38057193006050328295636196432166987013278;1.1758515652544203E-5;110363772547868926769654745327778480
494829;38057097755350415025992994540717656672408;28672074496201125061071557192770489216051;38057526306417568619683347478685833815084;4.5663293027623236E-5;428551067153593690352937968177142676
494830;38058083756193127232336722170570096367585;28860661457102094725315389524231509454756;38057594321876342987719518352027200360083;-5.321429209927816E-5;-489434316784244617203818542896007502
494831;38058106608018633753703457202972933034207;28861840115353155859692327042223965811878;38058429006777189087416396766089205017402;3.505757024467095E-5;322398758555333712939563116271983195
494832;38058401671953227844852232909015237159202;29115113951433476996815255808496319276955;38058829439306744416970656559030173764531;4.783110718165644E-5;427767353516572118423650014936605329
494833;38059229197765442348935385464867419720246;29115114325236355800701899347451820060644;38060181428434804732616606845860546549611;1.0646449457923003E-4;952230669362383681221380993126829365
494834;38062611135148214522649406410132109335078;29211930121678442404742209602921643412029;38063084418383611632053711705992345927733;5.3474216806234895E-5;473283235397109404305295860236592655
494835;38090912590382096493204831354364488891259;29303768637989321304573727512569219396940;38063141076919903233934356795725335631337;-0.0031604709804066615;-27771513462193259270474558639153259922
494836;38093912150777822980392890341870415868983;30921430716299432072933092263535108734375;38086295692733735948724609521279151774377;-0.0010619000012289232;-7616458044087031668280820591264094606
494837;38095676622685219828856136432959687236883;30921887285679762614680301352183907978746;38117979920977446411996163352352212642410;0.00310899822178729;22303298292226583140026919392525405527
494838;38103688464350286091090907585972397482477;30921905167967027429345457848270367326855;38152223363279770895327018953731939164929;0.006758056728602067;48534898929484804236111367759541682452
494839;38152258389259764153928064452187688667898;30951524951343723763702884039112863444537;38152697003052428884806892467760520587653;6.0912377391332766E-5;438613792664730878828015572831919755
494840;38152673260685756474706295199792449779976;30951988215604287655534661275205732155571;38153637978811088200777310497042446416341;1.339758813629393E-4;964718125331726071015297249996636365
494841;38152679137723856249296089563809194789383;30953171087473223153314321872878577904103;38155312152927385872654858879913701381305;3.6572154446552237E-4;2633015203529623358769316104506591922
494842;38152690914366650732251170432020489590064;30954016749043468474244127747718077454729;38181476628360848451084236145709387201749;0.00399875217756927;28785713994197718833065713688897611685
494843;38153124567026935514434602455632188143778;30954029218033880981313112666766118890618;38183973906401171025021359416417644563715;0.004285168882858377;30849339374235510586756960785456419937
494844;38155210971842571927632407180349496866785;30954029218182466099076478465039705205952;38184861843541248113349626524523140400934;0.00411750080930893;29650871698676185717219344173643534149
494845;38156552991255619750981927573631085493652;30954030269470270627294049110867425127519;38184932993664238998338090319932903345803;0.003940286411423422;28380002408619247356162746301817852151
494846;38184413638584033960660026389232057188952;30956119990627260975411444481125868819947;38185248248302258265787614035547329912278;1.1546427952055116E-4;834609718224305127587646315272723326
494847;38244918965929214554354007946554835486829;30959069257684694095456377976950530542733;38185626134198499477899125668270030294168;-0.008138080540368615;-59292831730715076454882278284805192661
494848;38245402337496630187673835584212797776875;30984071151982699766171637076773147293842;38186206440409780910418512823994998608102;-0.008152210052743875;-59195897086849277255322760217799168773
494849;38258347090255645866026728002637287939010;30984516528231491752759237741634130656406;38308708773783831258916668474685646344435;0.006923681146921134;50361683528185392889940472048358405425
494850;38308680356868090685718046698122649295601;30987002760237715858836124895216339495852;38469800089087125374153828230131822193433;0.022005849082071868;161119732219034688435781532009172897832
494851;38310074358659645953780523842756661863207;31015304433786723736553529718777751829826;38564499274010829954863509786647730217498;0.03487771622291654;254424915351184001082985943891068354291
494852;38498547370297885646359617664432416990686;31017075204102844831166051741401733688741;38565320255725089020542324050558649253338;0.008925099758964017;66772885427203374182706386126232262652
494853;38498547372344822445943102367987320618433;31017441058700703194210010962819863167900;38565743403505213344297978143184288376225;0.008982098147414116;67196031160390898354875775196967757792
494854;38498553531202103663324605189764147518793;31051307893978404838162212123788649287484;38572508720042828815205859861336583456306;0.009930542437203042;73955188840725151881254671572435937513
494855;38498560145298711158835717054672643974389;31173464608188181129849832261105308733693;38847814498648349731567496350728565460045;0.04767915334076395;349254353349638572731779296055921485656
494856;38498603148087576629770998236000699381554;31173538873735799334340004112751409231253;38942659339556110967687406338683217160979;0.0606214737286835;444056191468534337916408102682517779425
494857;38498604574290803348470278414647004444910;33298182853471942749790310811036407643151;40434679491508857324162968724904969956454;0.37229190653276456;1936074917218053975692690310257965511544
494858;38498676884404718037150922009741007882430;33330301179663820771470379376154645990156;40435491596478275344750358002244657281673;0.3747434054178641;1936814712073557307599435992503649399243
494859;38500318007201747116449801294574137941333;33330384701735565553869439454850263666166;40435506709551088123936412567041699641158;0.37431598978332314;1935188702349341007486611272467561699825
494860;38501073145641633665383301910570656482899;33331581168121550191574792709662584618042;40436492710393622150377653395393094414460;0.37439260437356375;1935419564751988484994351484822437931561
494861;38501191160848157132089914939897771561617;33331991901111348629930374175597250855009;40436515562219128671744388427617953409207;0.37439539552002277;1935324401370971539654473487720181847590
494862;38501912568061653258525431457033472832108;33332026239605485935297647017716775297507;40436810626153544583413028693011819190452;0.3742631723722427;1934898058091891324887597235978346358344
494863;38633413212095501344462396247146408639354;33332477109160090499406624589159793929201;40437638150950314230204303965775486126496;0.3403596843689018;1804224938854812885741907718629077487142
494864;38663016289449809479678660537600182456771;33333761753276443291781673765934032433431;40440597261090184908260463691626249960078;0.333551523871621;1777580971640375428581803154026067503307
494865;38691802886290682468952250277153353625632;33337121771225333294468578981143522844057;40469321544595954872255920641168719750634;0.33195602503839844;1777518658305272403303670364015366125002
494866;38691802886297170365729717064609529858102;33337144453538213588240084168497972760637;40472743933236842430863694508893120947108;0.33259657348901195;1780941046939672065133977444283591089006
494867;39015662139362388615382675249090958138872;33393358136141072208739384972188735610870;40474085576885714746897067657785026690008;0.2593996049818221;1458423437523326131514392408694068551136
494868;40435513925044486905327861967370371172336;33393752488376201950456633147522901678190;40482097418564144470141996872776596273727;0.006615318331729499;46583493519657564814134905406225101391
494869;40435601961253080413712580499702387403903;33394976020660366362584693027800430572350;40530667343460261447695396481759221871023;0.013502404901115648;95065382207181033982815982056834467120
494870;40435935260618241717204413143206097486959;33395861211373745231738288180702233331091;40531082214872887931737068362634246654976;0.01351505020957228;95146954254646214532655219428149168017
494871;40435997638366724245328051257605750360083;33396320154311772203061929740288255206759;40531088091924351167337020788632192836258;0.013507785516170195;95090453557626922008969531026442476175
494872;40436838036160515648606584697149996033027;33396380037085543876387945119940434573674;40531099868567145649869750296522442715064;0.013388593812933027;94261832406630001263165599372446682037
494873;40437238393507417514491723224679587827031;33397597402505047213808463072723126701851;40531533521227435152251985268132156503153;0.01339487735816923;94295127720017637760262043452568676122
494874;40438590382635121470755051269536083658986;33425420474173687950991847211532422299630;40533619926043066877349689427943735148035;0.013550155585606396;95029543407945406594638158407651489049
494875;40441499010294220210527041250059665458983;33427139672034114607052083491189995142441;40534533479487298296691713797993946821777;0.013263430729249615;93034469193078086164672547934281362794
494876;40441550031120398151975288020726312199462;33427945717140781961566139905488897440639;40562822592784528878700957614055055657702;0.017291046976004695;121272561664130726725669593328743458240
494877;40464704647936490410851043370613868571252;33428915026591959986347979767184393802979;40623333557826459703493681622091944861754;0.022545999585993237;158628909889969292642638251478076290502
494878;40496388950347409512176193221431802486160;33551468035093246651389895005587309631158;40623811291697127481441167613784330980000;0.018347558295421527;127422341349717969264974392352528493840
494879;40530632392649733995507049823940616539929;33583998750218299039292023891680592358173;40636756044456140784495641939252278173385;0.015276989872933877;106123651806406788988592115311661633456
494880;40531105882083455620708800133013206134528;33586100262733224324891000552228720287571;40687089311068585572082625898867278201851;0.022459798815788953;155983428985129951373825765854072067323
494881;40532046933011583118395890361544399541342;33586522847602142610635195502122856293394;40688483312860140871821455067579659910082;0.022523337033296863;156436379848557753425564706035260368740
494882;40533721107127880790695714018921269740680;33590328986204328314277682708911173578121;40876956324498380564394917537784467771936;0.04943336216547216;343235217370499773699203518863198031256
494883;40559891220271459405283966494525305170499;33617417431703624639379636079233563437732;40876956326545495543464169033636734680933;0.0456703353775922;317065106274036138180202539111429510434
494884;40562382861617288979834303351811931673015;33836876724675645379418996755794510427493;40876962560572066763504635085540514706293;0.0467741300876769;314579698954777783670331733728583033278
494885;40563276435451856691822956068590523213434;34059347373618007067633468029510375587005;40876969099485842615866490217514440849389;0.04823125545368988;313692664033985924043534148923917635955
494886;40563341948853630031130718131364788111428;35359803443901511283646282739472620429208;40877006464577957887379531141579313090304;0.060279080365374195;313664515724327856248813010214524978876
494887;40563657202502755591231299090326382646653;35676602632999747707939058066402333078651;40877007815611718799666114481846711476160;0.06411850096055498;313350613108963208434815391520328829507
494888;40564035089401253971279560181362071309793;35676619237434132288258127770327264388207;40877085838605212986868205258642406710555;0.0640524069745283;313050749203959015588645077280335400762
494889;40564615393608016252697589400227908764352;35677070398555292680734470834404334125874;40878726961402242034490732519397135988208;0.06426775980828334;314111567794225781793143119169227223856
494890;40687117727984326177379949057571356891310;35708693594349045211896004073460795346495;40879482099841950403944097694567238514149;0.0386396109881378;192364371857624226564148636995881622839
494891;40848209043287620292194759468303208912183;35708698255899871210020685695718380608101;40879600115048652050130846164720769608491;0.006107793729719331;31391071761031757936086696417560696308
494892;40911196108821984877733542560622339592498;35708703441642881128883810719937443944906;40880321523264407752328217330446558769608;-0.005934575506920983;-30874585557577125405325230175780822890
494893;40912017090549607467352867587698541831463;35709966368941670106254771704706772708828;41009713124260964433802693988680504722471;0.018780292415364882;97696033711356966449826400981962891008
494894;40912440238316368330098363618342979782400;35774258963238800289772030665277165338978;41043111533585175959210425873989670358104;0.025431429580466673;130671295268807629112062255646690575704
494895;40919205554840617964269685468636388143806;35774711335222925463138022520792382809316;41070211840491177386993181501981097766257;0.02935298966314735;151006285650559422723496033344709622451
494896;41226223451846585073835385295357471710044;35806438775004013022429580076944206882336;41070211840498021642730919171085359936227;-0.028785573717561744;-156011611348563431104466124272111773817
494897;41321068293756605885728336562377064817229;35806451428626626507484114231235046180333;41394071093562883533846032918921280404572;0.013238054717434476;73002799806277648117696356544215587343
494898;42875281987155263090070534208826641258130;35807251665507460997259848409969154099436;42875281987141899629060376133319072476880;-1.8906909566062235E-12;-13363461010158075507568781250
494899;43200814367731859516976839868911668128169;35996684438393281060001220261730532393773;43200814367731859516976839868911668128170;1.3880926771288973E-40;1
494900;43389384852618190006515941062127554569457;35996751943579811900992156957827165204599;43421096972007529907085766139184439335082;0.004289692154275378;31712119389339900569825077056884765625
494901;43486630313461793547688103991733599926491;36182327468172006958251853579419710272958;43486630388631264105553604441867908922117;1.0291121842838003E-8;75169470557865500450134308995626
494902;45260512509431813898233381378091746992427;36373870403404878793746740297391187166559;45189854929231015936783385640586313689212;-0.007950987488612586;-70657580200797961449995737505433303215
494903;45671634650106091556927470636727756715156;37835061952639661114766880060411543282497;45192444287663836975991977679660912829556;-0.06114795088893608;-479190362442254580935492957066843885600
494904;45736189638809469798498694717291530705169;38056246984099452522818365888667358183600;45193628656869599428700962425148411971920;-0.0706464886957358;-542560981939870369797732292143118733249
494905;45741590491056971868361577563699523484930;38093032139770616892551574081416929136724;45193628656992168092887344624052515681151;-0.07164249900409611;-547961834064803775474232939647007803779
494906;45767873571603852924031686689003329743982;38118052375353958213856627632716859041001;45193629184097860737422574207127525164471;-0.07506638034722943;-574244387505992186609112481875804579511
494907;47568269521154809796775475102866587126712;38118441094683960646748386950218013381368;45193632277101206734485047207584160236130;-0.2512889268340335;-2374637244053603062290427895282426890582
494908;47570853241864331862356556880405542157681;38119309289053427504000607686965103625156;45194055098299182544481689394780567612159;-0.25147194526438044;-2376798143565149317874867485624974545522
494909;47572037611070094346730630947207494003169;38151862038625590467256580996663248440628;45197404205694031725598564825539979727047;-0.2520795272990706;-2374633405376062621132066121667514276122
494910;47572037611206026471938433910856714899901;38152646869052369815313488275085407506259;45202879316246855132316007942589358034060;-0.2515192712365901;-2369158294959171339622425968267356865841
494911;47572038138298355655463505431950523211346;38159410319046073446844792793036856442146;45224481524144852415932345872729624714375;-0.24940501836818485;-2347556614153503239531159559220898496971
494912;47572041232303961228287833080997246173705;38182299723785528477353380258991807042819;45224533308811426996945680940870035326854;-0.2500077261299324;-2347507923492534231342152140127210846851
494913;47572464052499677462522620619603596455907;38182322493227238897872956633534910390783;45225716644569807236040153250626828378168;-0.2499160841310788;-2346747407929870226482467368976768077739
494914;47576235989155310751831224642281923086422;38184836919063841886530447869706114617003;45292620384043246229283910364224172063109;-0.2431603202109292;-2283615605112064522547314278057751023313
494915;47581288270447350050356939167412356080935;38184870213977309292511166306565091145631;45319156330018438553765062013954609648027;-0.24074407149980812;-2262131940428911496591877153457746432908
494916;47602890478345342582520473485797251667500;38186510878758996860966720370797999073839;45319743254925692048704772212778763046278;-0.24246550378236104;-2283147223419650533815701273018488621222
494917;47602936625301808254554213846270670092479;38467274992564316613480922010823648680707;45320480672349261431883227941201242961593;-0.2498402463564767;-2282455952952546822670985905069427130886
494918;47604125598770302153664364466599728768793;38471141863273683803721420256544026727102;45381474906846793831035618784633606084211;-0.2433652304979878;-2222650691923508322628745681966122684582
494919;47671457804212379340187113851620412297484;40432489926118174295434417730630798987494;45381796257411273950100126872238568428306;-0.3162966855716871;-2289661546801105390086986979381843869178
494920;47697565284219111651286128679604023710527;40432993116688763015662161138314052001209;45385579161896004981564868770457447299676;-0.3182549596873349;-2311986122323106669721259909146576410851
494921;47698152284295657524611203887738411472528;40433042424770619457141246750418500593592;45443523769895385605386202624927822908295;-0.31033646537970866;-2254628514400271919225001262810588564233
494922;47698889626549756349924158164895090617843;40433916351022139349374891139389346682807;45443581796810602733001935988692847993832;-0.31043580536438553;-2255307829739153616922222176202242624011
494923;47759883861047288780752902033534973271711;40436379970338635736924182663595694639946;47638921463632486995754448043741129419927;-0.01651701142239674;-120962397414801784998453989793843851784
494924;47760205211611768868563409430685834053231;40465544900189360335167238139347405347077;48081755723695926407208947611215061402656;0.044080258484504725;321550512084157538645538180529227349425
494925;47763988116096499836253096948248143002801;40467207400252000780521324608630134869371;48114598667177529745229769782904323673920;0.048050032573913215;350610551081029908976672834656180671119
494926;47821932724096056327180867484701861189544;40469326968621636763674345594241695815397;48119999445257466786402508788522553172430;0.04053892335237523;298066721161410459221641303820691982886
494927;47821990751011097587690163165359107759457;40469400019338919235760408222271088811825;48177994721365420283666920568092685212732;0.04841884763431648;356003970354322695976757402733577453275
494928;49950483778140401438152298620724664900771;40469609142936484009103139833687805180082;49950478140430465957200036743435846541396;-5.946402787088108E-7;-5637709935480952261877288818359375
494929;52610829346283830481854387497696584648035;40496833941597733065590940430544169754943;52610829346283830481854387497874563163660;1.4691974834013226E-29;177978515625
494930;52715337403812167887826506518902525938207;40496839804816244440058099298164597015781;52715337403812524246792408752026305656957;2.9165530623954746E-14;356358965902233123779718750
494931;54989278143391219976443937774699957581975;40496929187447729399071030627921734087966;54989278143391219976443937774699957160100;-2.9110187815825667E-35;-421875
494932;57092527399291868469340938356394600753613;40497651861645478796129051191164378561295;57092527399292046648821073797221016769238;1.0737018167519898E-14;178179480135440826416015625
494933;57371504359450185697799351853963204216531;40497730568093909232164378754163565666473;57371504434619653879938450498219796013406;4.454810708713261E-9;75169468182139098644256591796875
494934;59492539219461369099699202029347394138832;40498074256839815079299605361691411017565;59492539219461369068022852020875714451332;-1.6676621358277952E-18;-31676350008471679687500
494935;59496587567377456107065892313133735488358;40498074256854974563254474264674309226906;59496587567377453731339491508385200332108;-1.250480162302454E-16;-2375726400804748535156250
494936;59527043198089500759893946792372454921681;40498131165154083128181337579728832347973;59527043122920032577749216797000872890431;-3.950276718502914E-9;-75169468182144729995371582031250
494937;59593550164738494234751031318344534424589;40534493104568218371800897907238017414682;59593972992997018767180905261673391846464;2.2185161479376713E-5;422828258524532429873943328857421875
494938;59598090609073232142065760776028824375709;40560685141897662288059246757236988086565;59598090609073232142488112136347496672584;2.2185342485187568E-20;422351360318672296875
494939;59652239683171883483234469860618085292653;40562371720355162693907457657690239150892;59652239683172239842194740755619305995778;1.8667439762548994E-14;356358960270895001220703125
494940;59875036267306961833582042906049992107528;40563228736507523299470667895421075935692;59875036267306961834015732053999274138778;2.2457201235959547E-20;433689147949282031250
494941;61873752590259917639878192455640292440668;40690878664855365843813527139960930709738;61873752590259915264151790649762606893793;-1.121531672317927E-16;-2375726401805877685546875
494942;61936356884342384363435437737827411719212;40690878666045647945234179827673634508249;61936356884342384363435437737827411719212;0.0;0
494943;61968025777667289983139427305005436784128;40752215747376885003579651110890285775252;61968025777667289983145058656476384049753;2.654318389402633E-22;5631351470947265625
494944;61968447408919630566322775528569633950174;40756928955006758217876088622842072606568;61968447408919630566322775528747612465799;8.390654163288741E-30;177978515625
494945;61968481676148134635709436353543188157106;40757357715624217102557682523114529401258;61968481751317602817848611096963598313356;3.5438701090068253E-9;75169468182139174743420410156250
494946;62028946818818246996757241840354844415527;40909491702897732297258470093447989599984;62028946818818246996751535404197617853027;-2.7019807688716693E-22;-5706436157226562500
494947;62029016866753346176972105799488996040634;40972910005332860015040316255452990374994;62029011380384428456579759417347882759384;-2.6055951149130285E-7;-5486368917720392346382141113281250
494948;62029391215782124762435315384579614140258;42497669078697127209550329082010153782507;62029391215768761301425157309250024296508;-6.841926644443089E-13;-13363461010158075329589843750
494949;62030605412442569923404337223552974819051;42814762371690266205844528516179430218750;62030605412442926282364610094115718965301;1.8545059902764434E-14;356358960272870562744146250
494950;62092387271979333445660533101349561533265;42874848274264037127885470580565112155732;62092387347148801627799631745606121689515;3.911503350719139E-9;75169468182139098644256560156250
494951;62253466955411682290114805895580539815009;42875243589468574322386772390304651440326;62253466955398318829104572748913059346259;-6.896122909657031E-13;-13363461010233146667480468750
494952;62261100285401354324933180539481190058281;42875279813187610668712123373303658450084;62261100285401354293256828541921619745781;-1.6339959427026678E-18;-31676351997559570312500
494953;62734749012803731648259771010020928932183;42876056458395484485955247508698209128977;62734326184545207115829897066692071510308;-2.1291847757151198E-5;-422828258524532429873943328857421875
494954;64219619277558395543219854142567341024576;42907344471384673517371116325726801188141;64219619277558395543219929227253620321451;3.523072359105768E-24;75084686279296875
494955;64220002087623144276394182266841717012556;42909035034553636735793667579662374289320;64220002087609780847060376228938884981306;-6.27068180459753E-13;-13363429333806037902832031250
494956;64221727027256410671120037943805042084097;42909069007158281686545262927355275672867;64221727027256410671120037943805042084097;0.0;0
494957;64221856449088179734730745309164503767668;42939094856856090428208639248827242615162;64221856449088179734725113957693556502043;-2.6459684033685883E-22;-5631351470947265625
494958;64222009265769490910201842748393580706883;43065509828081253346010770032937912194765;64222020541176354770056481324901149910008;5.329523864318413E-7;11275406863859854638576507569203125
494959;64249229784813539752675206227580404351334;43129366743467313403942675585816878294459;64249229784813539752675206227580404351334;0.0;0
494960;64249323367710380740574817554352616878531;43137001043750276096641358594686920274942;64249323367710378364848415748474994612906;-1.1252795241334945E-16;-2375726401805877622265625
494961;64251471266108293011199344892263682215233;43577622948776813153768874874628713612732;64251471266108293042870065564871104084608;1.5319218844252111E-18;31670720672607421869375
494962;64252181717967524086083009734067099048931;45224515343295191656034505897313285997269;64252181717967521710356607914841024830181;-1.24856425114829E-16;-2375726401819226074218750
494963;64283895259567084911675738938390834647583;47568635971898075417205254398232324570321;64283895259567084911675738951739223319458;7.985750290886736E-28;13348388671875
494964;64314754732797649135937222343474119113365;47571623956611956084454696894301500901876;64314754732797649135937222343296140597740;-1.0629942392742025E-29;-177978515625
494965;64315177685178504117822525928505670777081;47637162931921223399261025828432099053109;64315177685178328314068791292427789917706;-1.0541047980563809E-14;-175803753734636077880859375
494966;64315606089994842236959036454782261404456;47695986672946739381699644107687382007479;64315606090997101781044538078164829763831;6.03058059835836E-11;1002259544085501623382568359375
494967;64356214286412380443978799258084778003983;47698528587434602083834164083154587860006;64356214286412380443978799258084778003983;0.0;0
494968;64407354771667536956211874709517798333919;48012600162151219987786277585316674830065;64407354771667539331938276515395483880795;1.4490771337479425E-16;2375726401805877685546876
494969;64407366272596150367968132520526135943586;49911064159533254514653800243990873376781;64407366272596150367968132520526135943586;0.0;0
494970;64407506469734667614705700921630479122278;49946706510345081445798808723551395701253;64407506469734667614711331271972275997278;3.893526193300956E-22;5630350341796875000
494971;64408583822462757807921274012528985456261;49951244956203906171692471938736422914682;64408583822462757807498921651256768659386;-2.921370005775548E-20;-422352361272216796875
494972;64408583822473961917362675939028245914265;50011321284144185734273153337806837167441;64408583822473961917362675939028245914340;5.209323633595469E-39;75
494973;64408646510793200964425212956166437922298;50045642628963690458106794585107650670459;64408646510793200964425212956166437922298;0.0;0
494974;64409007672123760607364805200625638748749;50048507700227352926876985870154727703759;64409007672124116966325075081151693436249;2.4815219593139325E-14;356358960269880526054687500
494975;64409170348895603729923326412071420906098;50264578192372459429508159680207008961866;64409170348895425550443190971245004890623;-1.2597003728613606E-14;-178179480135440826416015475
494976;64476243081364146791640561372191069971535;52011625854032878549595234997498803628596;64476243081364146791640561372191133252785;5.0768707009504216E-33;63281250
494977;64476243082096404620352293254856891766845;52325944657078921402499528513432195783848;64476243082096402244625891448979206219894;-1.9552823467399393E-16;-2375726401805877685546951
494978;64633584056678290472986099131255210427426;52328830786724176593469531271429701224466;64633584056678290472986099131255210427426;0.0;0
494979;64640011720409253289790663458432946574460;52334350040687478421394390357828028656250;64640011720409253289790663458432946568835;-4.571066673537199E-37;-5625
494980;64640439445697545373958681128564340257269;52359297131723504946719180193113714314599;64640439446699804918044183753076059007270;8.160963520022778E-11;1002259544085502624511718750001
494981;65012382258973273088806090411806963143788;52360092193937700866607675945993252909976;65012382259975535040294348868533037362538;7.921585312511888E-11;1002261951488258456726074218750
494982;65139265007754280464222548250085792969359;52456609427236075285826413133762892720676;65139265007754280464222473165397140625609;-5.920265529222535E-24;-75084688652343750
494983;67463173476616975072919256222482385842177;52579179167525213691981420648497089029458;67463173475614715497157401560543909279677;-6.733807840477558E-11;-1002259575761854661938476562500
494984;67610702424323488463233594373879168529976;52838734316773294472661747108699263297333;67610702425325748038995449022469256420601;6.784875031307328E-11;1002259575761854648590087890625
494985;68977755637198030968185644389044312642335;55408266831540604595782568849937218274173;68977749999487917307753246069799927876710;-4.1546960201698564E-7;-5637710113660432398319244384765625
494986;68977755637212976883947181551104464540634;57116599649562838155887997867335983267350;68977749999502863223520414583331027040634;-4.753086562161751E-7;-5637710113660426766967773437500000
494987;68980647555377858932424633102885250660233;57215091646849412108662967541445185981895;68980224727119334399994759159556393238358;-3.593780538818729E-5;-422828258524532429873943328857421875
494988;68982355932825785298888170453058282982596;59462794893371392722667829177360249465854;68982355932825785298888172455672540795096;2.1036834046365634E-25;2002614257812500
494989;69008571378732976428626822576973958931555;59462794893372278582705832617130443002806;69008571378732976460303174601057074165930;3.3183630553954028E-18;31676352024083115234375
494990;69008571378733512901441486808833158273986;59463223342528803898065048531776097073360;69008571378733512901019135448514486398986;-4.424682669680858E-20;-422351360318671875000
494991;69009428286936755213097654543199694715316;59470078591591424546554130282763660624614;69009428286936755213103285894670673615942;5.903286545545851E-22;5631351470978900626
494992;69020139740796821138802753475625010671567;59494969293978009733141198147833568387584;69020139740796821107126401451546609890316;-3.3255417528678008E-18;-31676352024078400781251
494993;69071584750205763561588177518893804037864;59494969293979624973211328302568423944533;69071584750205763561588176517764653647239;-1.0453893183522902E-25;-1001129150390625
494994;69072880419415473823990220380274164850478;59497449721981725938959819682607838117807;69072880419415473823990220380274164850478;0.0;0
494995;69072881389683983940606832536570226170096;59499581012212595012863869984805579826269;69072881389683983972283184560648595310721;3.3088225350811662E-18;31676352024078369140625
494996;69072882517316700419738637683492698151721;59587958227818699982177546560118510641386;69072882517316700419738637683492698151721;0.0;0
494997;69080040379279312111420527915075276466974;59590111139652984088823168920047212309616;69080040379279312111420527915077649513849;2.500594909697599E-31;2373046875
494998;69080069477003129182283418710238733882678;59590111812020173154220222430830516795019;69080069477003129182283418710238733882678;0.0;0
494999;69389522422126266794230054427843654297430;59590112863657917586169022184703548603294;69389522422126266794230054427843654297430;0.0;0
495000;69615043537142215083028222335467238919128;59593877049680622907065323973181856154445;69614620633714222368459249747881789700378;-4.2201018067292675E-5;-422903427992714568972587585449218750
495001;71363296288785636039684634109733024034310;59593917270427052285290119271847676005549;71363296288785636039678927700272574826810;-4.848522128098694E-22;-5706409460449207500
495002;71385285237427150196424572121664528559793;59780744735408136358378226697933956396716;71385285237427150196424572148361305903543;2.3005458371320403E-27;26696777343750
495003;71450004201297069120180146911341344987121;60036646814068592104050084634350653298141;71450004201297069120180146911341344987121;0.0;0
495004;71450106124961905726233623682595886302960;61999702207083978997144010279607777313209;71450106124961908101960025488473571849835;2.5138887421643066E-16;2375726401805877685546875
495005;71450850310958879637544990644813878924107;62030174410235338947201217443585733276942;71450850310958879637544990645169835955357;3.778465950863051E-29;355957031250
495006;71450928634321316909563261102375930372586;62184162415281317063866726239677414108102;71450928634321314533836859296500617866961;-2.563705985076627E-16;-2375726401805875312505625
495007;71455483842835389566041632729081631252517;62441176158367468810700340690293456609318;71455061014576865033611758785757519924391;-4.6906348587710795E-5;-422828258524532429873943324111328126
495008;71482924665744384317088716898048056835084;70477430720048041923295798662231608812734;71482924665744384317088716898048056835084;0.0;0
495009;71483453124136132919868362460256529900707;73506132993137666898227600102505539518801;71483447486426019259435964141012145556957;-2.7872478487875616E-6;-5637710113660432398319244384343750
495010;71493493346561807559714658418583456511825;80903186700166855305563105550744896574524;71493493346561807559714658418583456511825;0.0;0
495011;71542626015258808698666158960227605985519;83565247112265756999648548744497179045619;71542631652968922359098482194785711454345;4.6892520925108E-7;5637710113660432323234558105468826
495012;71543127893805323033152535963812533308252;84115922362749207381281696479511195377952;71543127893805323032730184590143099714502;-3.359248214171365E-20;-422351373669433593750
495013;71544322941990484663337461630086621521711;84401768432299016465176419190987430636564;71544317304280549182385198752024609802961;-4.3847822957759767E-7;-5637709935480952262878062011718750
495014;71859747706686341870686313921178972930008;86067149061025252481180591568690897440245;71828041225007115598878166490759051055008;-0.0022316876174926373;-31706481679226271808147430419921875000
495015;71865294693225921850314672743711872410301;88196055288005235398232819680440554093981;71833582573836581918068420557890370847801;-0.0019418642019329946;-31712119389339932246252185821501562500
495016;71902893796728916604182337020732292711871;95172896399256472591458926872014957305091;71902899434439030264614735339976677477496;2.4227372080517396E-7;5637710113660432398319244384765625
495017;74842863408745074093400292360364466232269;104713926761933254626945206868626572985092;74842863408745074093400292360364466232270;3.347721466009574E-41;1
495018;75183868711082878720343666124865108679101;104905393534634945576374950444826569596854;75183874348779631295492310176918262981601;1.8968396763101803E-7;5637696752575148644052053154302500
495019;76140838428173717053718408853546255135406;104905489371561959764951828289597723448919;76140838428173717053718407852414731697906;-3.480422986560235E-26;-1001131523437500
495020;76144243602765873098264935525156273111952;110347604318507446861581769697455228141721;76144243602765873098264935525156273111952;0.0;0
495021;76206896322877282650337217385947247626855;123840127874410332989051936754495505181556;76206896398046750832476316056722638251855;1.5780887782265072E-9;75169468182139098670775390625000
495022;76207786009595073046071622145200407969461;157198330008983184797291334190189534101896;76207786009594894866591486704551970891336;-2.200003498393427E-15;-178179480135440648437078125
495023;76306187345690871195132569638250918250609;159096360190231238937001423302038073103342;76305764517432344286976293889044375281859;-5.107227633415815E-6;-422828258526908156275749206542968750
495024;76553113348709909521464226506373071304890;159096427474653059135779099049160333116851;76553113348709909521464225505065942398715;-1.2130687258066692E-26;-1001307128906175
495025;76966312023913823188626300570463153945061;159160162984335397519258276925067002484381;76966312024916082764388154217921718398186;1.2193851049082336E-11;1002259575761853647458564453125
495026;78490540091043312033730556465004399210860;159161858047730568922439059278822565704370;78490545728753425694162954784248847257735;6.988493874225956E-8;5637710113660432398319244448046875
495027;78490884288658224275335403212096352666852;159190618118929567197125832204603624747596;78490884288658224274913126936459213994977;-5.2326848626945324E-21;-422276275637138671875
495028;78521858012510564495721511742985354880748;159193992928212234158108974226953330044168;78521858012497022855231218240177737693323;-1.6786019738344397E-13;-13541640490293502807617187425
495029;78525606860123384464585294910244495750030;159222819366996076800054393711560642379387;78526029688381908997015168840224964500030;5.239688526893313E-6;422828258524532429873929980468750000
495030;78533245525246426549364081800267707284418;159349647021691707004603422428879214516234;78533251161954280634034550386233351815668;6.974707794101178E-8;5636707854084670468585965644531250
495031;78587418287728066802460995179831599726752;159352953875794731346533406443927013324056;78587418287728066802460995179831599726827;9.286139125298076E-40;75
495032;78741255210330782400221219081854326232510;161453165672679916823230757389247118622272;78741255210330782400221219081854389513760;7.650802604638897E-34;63281250
495033;79324279468704125228313839000683602849910;161474255653518477601530120978124969699064;79324279392532753829373156589489754771785;-9.272232925250827E-10;-76171371398940682411193848078125
495034;81922975779739213172576926150441151571259;161571134013093518555691800185337966632506;81922975779739213172576927151570270315634;1.2569394458704905E-26;1001129118744375
495035;83248254162616104225314722123498108295418;161604069269206995490340412453943217130217;83248254162602740764304564061516907123543;-1.7054842696715173E-13;-13363461010158061981201171875
495036;83351877147646939438097360948842018832274;161729283274800451525893334073493550685632;83351877147646937063215661876954811801024;-3.030059064750192E-17;-2374881699071887207031250
495037;85846404917468735899351250516385502955706;162023337910846525570792377338102778038692;85846404917469094634037923203738042018206;4.709229849196907E-15;358734686672687352539062500
495038;85944241065268294859822172494472284141259;163824779975422391210702717619620772708376;85944241065268297267224926311079950578759;3.091148042252093E-17;2407402753816607666437500
495039;86042682295491255102643714694254828592476;163888232470893792457680819388312037559678;86043099486039665974641190318339301248726;5.359208682716651E-6;417190548410871997475624084472656250
495040;86606256811872695526403986465559677667669;164108481425064609225766733430137839506091;86606256811872695526403986465559677667670;1.2902855434033396E-41;1
495041;92764804679527910105480005897572892365028;164110205976337536136787774134358237108693;92764376213559271912617808719685929474403;-6.005516275053214E-6;-428465968638192862197177886962890625
495042;95554960474335372860491556015404164233121;166527623734133263008094581421470478030869;95555383302593897392915723522575795092496;5.957621415118028E-6;422828258524532424167507171630859375
495043;96300632622830967424831911092953685196151;166712770278426477569955774607494797860792;96300632622830967424831911093309642227401;5.055336240338001E-30;355957031250
495044;96837216013065167772175993151700289018367;169687840728994587934358738760237947759693;96837216013065167772176143321072847612116;2.061332667278527E-24;150169372558593749
495045;99404116392732387374127819067917500677809;169808524928445522722491491647422553207627;99404116392732384998401417262217793646559;-3.374400057065454E-17;-2375726401805699707031250
495046;107033285504290180374289034586382835982603;171467435327292836820513986041479719407958;107033285504290180374289034586560814498303;2.762176829971342E-30;177978515700
495047;109982874714889015777846976554231634806127;173431432668162709905436219208598668328753;110014586834278355710087522303895941446827;4.998083551826998E-4;31712119389339932240545749664306640700
495048;112229230743855994765620338346772172381124;173845873149629921269156831362089953961271;112229230743855994733943986322693803240499;-5.140876034022598E-19;-31676352024078369140625
495049;128660725572191066936912671725436774834061;176668256290607020484674818184204995842477;128660725572191066936907040373965890849686;-1.1730141889434373E-22;-5631351470883984375
495050;131002930897627279879420056629818713597606;178348193029780361804544056850998067092101;131002930897627279847743704605740344468306;-6.690500928194534E-19;-31676352024078369129300
495051;131067491829703091045731551696332804336855;178953192368623605038594218845176936126926;131067491829703091045731551696332804336855;0.0;0
495052;131067632771235678569714005384773794987346;180442015856953690135031306062219428924454;131067632771235678569291654024452718424846;-8.554058479836391E-21;-422351360321076562500
495053;146536727329102751398504138574721361394806;180536695865373310776769136393336048313753;146536304500844226866074264631392503972931;-1.2436136759169845E-5;-422828258524532429873943328857421875
495054;147784063336152070102817090541046153245236;180567493538800542634063255025571795281243;147784057698441961193837495833735118088986;-1.7196828013602818E-7;-5637710108908979594707311035156250
