495055;178730481502249220992858158608242157955018;180663042805981340753752131458947346028685;178730481502249220992858158608242157955018;0.0;0
495056;183525234439619299941824148199628711623433;183585711338582188091931772966906612679181;183525234439619299910147796188901104201558;-5.2377606249563E-16;-31676352010727607421875
495057;192843270178796777163715721544948028851151;185709159143407911877853016275233805435931;192843270178796598984235586104121612835526;-2.497570885168157E-14;-178179480135440826416015625
495058;192981777525618830989182170115119271648153;192809698066686490575152113056021680537037;192981777525618830989187801466590219341278;3.272529740555422E-20;5631351470947693125
495059;193446471720400467462420461256527955008027;195254980721372690489799074116667847121878;193446471720400467462420462257657105398652;5.535660313841044E-25;1001129150390625
495060;195032077388993210472117425090579019334359;197512811447246136093376965916951395486080;195032077388993210472117425090579019334359;0.0;0
495061;197451495046560969594130266889791731797610;197661731113890418520925965523964644668696;197451495046560969594130266889791732219485;2.0066728100412183E-33;421875
495062;197453620319898123949834006196334040023759;209718171212314634118440700929820354796866;197453620320900383525595860858272516586259;8.172003887900841E-11;1002259575761854661938476562500
495063;198012279942799463107156057550905872256959;359516463871211870711284877454889923803850;197980567823410123174915511801241565616334;-1.9635478547971546E-4;-31712119389339932240545749664306640625
495064;200104783705021695895970879906996820883209;361582972304577119153196089862169200954827;200104783705021695895970879906996820883209;0.0;0
495065;200144211674666373664900932427574601690308;361685607128617511935054013597871964790616;200144211674666373696577284451652970830933;1.9608814158788177E-19;31676352024078369140625
495066;202672190399255392350596947682511447541299;362058113562751882662088153800755702110951;202640478279852688957346243897562717072549;-1.9896436757575772E-4;-31712119402703393250703784948730468750
495067;205559310932262736392024486030291830460535;369066080973185907817887723326416846998745;205559316569972850052456884349536215226160;3.447997971123399E-8;5637710113660432398319244384765625
495068;216606116462028080518044200078401644185708;371064355093252339072239093930273699422484;214227707507840951436739828721437532857583;-0.015398394901198396;-2378408954187129081304371356964111328125
495069;231254500560187511262795782170870672464769;373570493127393128539655122819183804055634;231254500560187511262795782170870673308520;5.928715281956502E-36;843751
495070;235591923405050666370095496166378930533762;373789150440265099522247974161920023888357;235591923405050666370095496166378930533762;0.0;0
495071;240349958389428699679045381229231076756154;375798288465729467166752456632159233352584;240349958389428699742820436637708859959279;4.708441615526157E-19;63775055408477783203125
495072;244979105759539698273085551843916674941332;375798768741662017850282282372299441766274;244979105834709166455224650488173266738207;5.746037443347617E-10;75169468182139098644256591796875
495073;257124418433367402876157346043219267937952;376170531742557016136817455886989624100009;257124418434369840599722909023871123406702;8.420583383197116E-12;1002437723565562980651855468750
495074;359775296860635293596430039389187776429877;383591538262131094351630798800875586579833;359775296860635471775910175831143342836202;7.481427364321694E-15;178179480136441955566406325
495075;366500825705292808443589921176705503576486;389780080771332433257816345541194701248132;366500825704290548867828066528115415685861;-4.3053764947314694E-11;-1002259575761854648590087890625
495076;371481281720018181455572414986141830367311;394913988199094949899888396496033372328580;371481281720018181455994691261778969039186;1.802080677339565E-20;422276275637138671875
495077;373727785092178820954999808876135502922337;404425544068603401471146200856895678526962;373727785017009352772860710231878911125462;-2.44869562758207E-9;-75169468182139098644256591796875
495078;375929841357570019280521096280949195257404;409340905745837998795489481510511778365151;375929841357570019280521247451450904241779;4.524564077104549E-24;151170501708984375
495079;376042882114873906176835153915126713393931;413877424711327598096602618630155524476878;376042882114873906176835304084499271987681;3.96910765276886E-24;150169372558593750
495080;378455894365449906794301128261229378853207;513546009974012480887026653186179202248357;378455894364447647218539273612636917915707;-7.419192523796517E-12;-1002259575761854648592460937500
495081;395329200436610318355723380506274487659403;530382670637634001293138694951700545355018;392919079363020837488681403959033340003153;-0.017845680455319486;-2410121073589480867041976547241147656250
495082;539963113939948778075594744157168418567966;535493836078958779503721958840940335414326;539963113940951037651356598832460030739992;2.2425537344859604E-10;1002259575761854675291612172026
495083;547224918512507410172559310978463388411028;537717039020060257544850863824187464493551;547224918512507410172559312980726434875403;2.105898637077729E-25;2002263046464375
495084;547610081230724192966730009058733959268797;537717040597749920261828626207488234943581;547641793350113532898970554808398266753172;0.0032054977398597727;31712119389339932240545749664307484375
495085;576528868077327884009303499868078074643427;538087088385611580194331175463988895002741;576528868077341247470313657930059244174677;3.476285728009026E-13;13363461010158061981169531250
495086;585091179400520557479565193099454799234352;538189366293163114690987041021736301401719;585091179400520379300090689010099330484352;-3.798989051792936E-15;-178179474504089355468750000
495087;600037746568885041511237808986163687499556;542759310193591197901783791473695059814140;600037746567882781935470322986102652343306;-1.7498026119298798E-11;-1002259575767486000061035156250
495088;732690342969350606874164170009230933099389;544877725553257769439369232803901867783116;732690342969350606874164170009230933099389;0.0;0
495089;749643287095818297231274175405046152378186;545067930698165636992542560777156540689446;752021696052023311300838815927049326206311;0.011626077539769127;2378408956205014069564640522003173828125
495090;773305956852229460672785584345585889018288;545321621247573925334199619997810662730018;773305956852229460672796847048527783560788;4.9401213956317766E-23;11262702941894542500
495091;775491178400874762922874736190911055517855;546782121785291511775087124787842324105548;775491178399872503347112881542320967627230;-4.382246993596165E-12;-1002259575761854648590087890625
495092;911039358371121965318142717142421193047101;556866947543299417345110455070850068511567;911039358371121965318142717142418820000226;-6.700258976845133E-33;-2373046875
495093;1113644245331077031206797550944007647032031;559441480844072823172300377953572124356957;1116022654360446996683126333979285967766406;0.004291586368342155;2378409029369965476328783035278320734375
495094;1125539238788931461298243396050025594596483;559441481007570881436757452452511204474067;1125539238788931463673969797855903248502733;4.196671633388514E-18;2375726401805877653906250
495095;1248898953758894440033998942059668773520427;571294666481125135075701577116712832700307;1248898953758894440033998941058361644614177;-1.4777166374329411E-27;-1001307128906250
495096;1248898955556092022037229819175705696328661;732685747879790462367569833397633460984302;1248898955556092022037229819175705696328661;0.0;0
495097;1249458442205394791823951766177608255271728;911034645427756638188610668126833232250086;1249458436567684678163524998222054056052978;-1.6658728397177967E-8;-5637710113660426767955554199218750
495098;1249683350624550960770672894509171797939163;913753065040741069163843165931501770355531;1249683350624550960770672894509171797939163;0.0;0
495099;1251395805069206466131615095733338412878202;930055614122675781901631375864043000913879;1251395805070208723331650548576050878503202;3.118991113695526E-12;1002257200035452842712465625000
495100;1256085906382539355794512276323630803826278;932500790471831988234035142843834909672444;1256085906382539355794512276336979192498153;4.125155334882109E-29;13348388671875
495101;1256307761477754124169183824435453781320525;1070476856522510424024591212093165808450003;1256276049358351420775933120623808305148725;-1.706504061331514E-4;-31712119402703393250703811645476171800
495102;1256372121801718895422631318642012033977673;1070792286471707765279500755474429484473817;1256403828283398121726110186745039377727673;1.7085089887510464E-4;31706481679226303478868103027343750000
495103;1256815172448435205108351893861009070183519;1072888680031233070116645135254182070998716;1256815172448448566225312002141190954949145;7.264378711578502E-14;13361116960108280181884765626
495104;1259110301164628384996105920194649658226390;1072980461663289213547946998359175416989391;1259110301164628384996105920194649658226390;0.0;0
495105;1280417002350192754219169809411665270883056;1073173215256649441324441672891695629350394;1280417002349190494643407954749726825966806;-4.836138104875811E-12;-1002259575761854661938444916250
495106;1280417002576774087488305584978820229080633;1075139022382610001868211940768304621669796;1280417002576774087488305584978820229080633;0.0;0
495107;1284757343748020468994776955009259690091631;1077580032488911183871314298263152867221480;1287135752701218704337061662936963547513506;0.011480064775160849;2378408953198235342284707927703857421875
495108;1318558366221030018479180371040644788197108;1077617985700707262418252237485289891494890;1318558366221030018479180371040642415150233;-9.849104039245257E-33;-2373046875
495109;1430413217121967566723161749431435686388835;1077617985700707269294109335622989464517251;1430413639950226091255591623361416155138835;1.1985089957739484E-6;422828258524532429873929980468750000
495110;1434278702987714929968147622595493343225878;1077676442348259451023403301134942632562499;1434278702987714929999823974619571712366503;8.882824233160121E-20;31676352024078369140625
495111;1434371380548725566010865104681924271257402;1077769854522381891322019279961080718164696;1434371386186449043132307661063327835710527;1.5809588758475922E-8;5637723477121442556381403564453125
495112;1434377795227646711197295422606337811850653;1079933014900711530593096009279266675237587;1434377372399388186633189196638930585288153;-1.1929312603631878E-6;-422828258524564106225967407226562500
495113;1434384003467957914806440078910935161154868;1094323152049830702549785630393216177309399;1434384003543127382988579177555191752951743;2.2104710927078546E-10;75169468182139098644256591796875
495114;1437036003724113440312820290062223992319722;1103584304412265326407824692597275225813251;1437067715843502958424535339887895379038472;9.510258743609084E-5;31712119389518111715049825671386718750
495115;1437045701033824908007866519025167138000309;1103584732440022731402782789664092981900319;1437077413153214247940107064774831444219059;9.50999438497083E-5;31712119389339932240545749664306218750
495116;1437169578437364086101810605547538170164396;1249271059838200977535763430273526378873133;1437137443489702858176130027792563804508146;-1.710228899131462E-4;-32134947661227925680577754974365656250
495117;1437479082633703229551876982871909870738553;1256087073390109189535090207016678161817897;1437479082633703229551876981870780720347928;-5.5191469269530704E-27;-1001129150390625
495118;1444681169434951643446572395217439201308758;1256092124851709175829530143250863618771484;1444681169434951645822298797023316918490633;1.2597372276082779E-17;2375726401805877717181875
495119;1486508135505742096143931613885671514250462;1256185547342154303627574128537314783611969;1486508135507746971718190649473338262297337;8.704641564877963E-12;2004875574259035587666748046875
495120;1605715828268562877009556668699590983471332;1256275615323640056292338753727184959422974;1605715828268563055189036804140417367846332;5.098997583415641E-16;178179480135440826384375000
495121;1606253096988961526275353510133697176106648;1258241812806733744351038420942345589959826;1606253096988961523899627108327819490559773;-6.826578647840297E-18;-2375726401805877685546875
495122;1606449289163579570539500481973890031255344;1258247393176668191799660714138381055552491;1606449289162577310963738627351996720708470;-2.878386325040369E-12;-1002259575761854621893310546874
495123;1612787924336039671615358529521162231861252;1258249812352402171988566288506488380126500;1612787924336026308154348371459181030689377;-3.769259371126455E-14;-13363461010158061981201171875
495124;1612975272670304198842577660792318531126482;1258307723728630095834316254261677525251416;1612975272670304198842577660792145298704607;-4.884360646806412E-31;-173232421875
495125;1612975366995172156453244686587917155289265;1263540685644059565604893856768929665745082;1612975366995172156453244686587917218570590;1.8109629174562329E-34;63281325
495126;1615037906657952050177885714033612248710082;1289130218446492115367449121380845857240162;1615037906657951871998405653677472111991332;-5.467176335672919E-16;-178179480060356140136718750
495127;1615225157924483927472046777538410904602808;1427300794616724881944430132832965720719290;1615225157924483927472046777538410904602808;0.0;0
495128;1615261075908658406004812665693718169580910;1427332507563021462480972842674070997386337;1615261075833488937822667935697990693799660;-3.9998957499582263E-10;-75169468182144729995727475781250
495129;1615859422247419460766031138968551498901304;1427420855292467471890625239344638272653150;1615859416609709347105598740649307114135679;-2.9918026892064936E-8;-5637710113660432398319244384765625
495130;1615958809388804215547767571442900038865163;1427750695933080219918667057475597925183767;1615958809388804393727247706883548476365163;9.467151913052749E-16;178179480135440648437500000
495131;1636613457373469974747059258831849502041380;1429618716663293250509266004165950426312492;1636613457298300506564931422890534804775755;-3.6314675399108915E-10;-75169468182127835941314697265625
495132;1636822874618156109185516401273590093720626;1434345638990952043399158754194435829937191;1636854586737545449117756947023254400361251;1.5662066548422993E-4;31712119389339932240545749664306640625
495133;1662511728571150100418352341384698226331372;1434371323267492394490497138580650411185137;1662511728571150278597815732940484359143947;7.810079199008904E-16;178179463391555786132812575
495134;1784033385434240683122747640498512493221906;1434530368783642316598149047668996471720307;1784033385434240683122747640498514866268781;6.7897750861829E-33;2373046875
495135;1786440129589616527434372596701100426678190;1438937452323453180626082866968712697706567;1786440129589616527434372596701456383287565;1.0243276747544639E-30;355956609375
495136;1786555978892950895566176511254754424317893;1438946298272494880089430945647992539929727;1786555978892937532105166353192773223146018;-3.844386895757716E-14;-13363461010158061981201171875
495137;1786662115177081502307769781320606609440012;1438970465553024454738566085303218322728748;1786693827296470842240010327070270916080637;9.120759564869844E-5;31712119389339932240545749664306640625
495138;1787240127216713162648221839206455461990102;1441447816681374665427370546151780350266244;1787240127216713162648221839206455461990102;0.0;0
495139;1793542393131123943541367615690014386275987;1448580045045064369928224658361175494185628;1793542393131123943541367615690016759322862;6.87914750165135E-33;2373046875
495140;1793649894419134290023861345721645334655880;1448895028793136538415911991409336775245082;1793649894419134111844381210280818918640255;-5.168294864001607E-16;-178179480135440826416015625
495141;1793671868637297631886557761833262866319608;1451022774105786107841174243079625490957007;1793671868637297631886985744545054858507108;1.2490408368863586E-21;427982711791992187500
495142;1800558855768887521127564716281420459990621;1451337363680322724035801399225295389905936;1800558427302918882934702446021105518584371;-1.226917524679527E-6;-428465968638192862270260314941406250
495143;1807592603707175191392738758218194125864423;1455588867680755655466735415896409959097500;1807592598069465077732306359925646518442548;-1.6016051924054853E-8;-5637710113660432398292547607421875
495144;1807622981562625078600292065184575459453506;1455626134435005961268123339214770191544922;1807622981562611715139281906121643086406631;-3.79647179206524E-14;-13363461010159062932373046875
495145;1807636055874392354652609024694960317393076;1455686067603337445545691428049563856114394;1807636055875394614228370879343906362314876;2.847732942641733E-12;1002259575761854648946044921800
495146;1814951901875384022891805442896330616432858;1455905549378704035936022322327453412933741;1814951901875384022891805442896688946510983;9.980050643414163E-31;358330078125
495147;1815550710894452145037528697575865527046489;1457968118012773839809008565168755914221561;1815550710893436522000756683864165087593364;-2.8402474197285006E-12;-1015623036772013711700439453125
495148;1817107440504124276231344361574583036638424;1457999830350628116059111029698250364957863;1817107440504124276231344361574761015154049;4.95613322003745E-31;177978515625
495149;1817118817934808926803152792277729452729485;1458068282238174695172479507291812438751701;1817118817934809283162113065161640585541985;9.925036306699052E-16;356358960272883911132812500
495150;1817136621743091355092746441142296093004451;1460343143515042957829090439588578075824952;1817136621743091355092746443144554393785701;5.611813059826965E-27;2002258300781250
495151;1817454582797585226632945949749157361024057;1460377381101557934373202498531447383570795;1817454582797585226632945949775854138367807;7.476472095375171E-29;26696777343750
495152;1819582273167163659910722119723867412185707;1460384541072135540507037076469903325837524;1819486280097633691324581925733833506981769;-2.672429721927448E-4;-95993069529968586140193990033905203938
495153;1819927243215865035031150819465176133918133;1460693656783890407053569159717475129768353;1819517991322969756161298684323966228648989;-0.0011392361637454407;-409251892895278869852135141209905269144
495154;1821864689051834186242628488310127483085595;1472335849304418181398764988155722766883452;1819619852722618167235520444437169061538652;-0.006422463825412033;-2244836329216019007108043872958421546943
495155;1821896400277170072899859480107780086070864;1472369112382416393901600826901077217491631;1821960682121364154828763050948690410232582;1.8391080301987143E-4;64281844194081928903570840910324161718
495156;1821998261676818662153561374660862909194902;1608028642538728088106942918915900674450628;1822305652170065529949191749688869981568758;0.0014366081244855874;307390493246867795630375028007072373856
495157;1829009770607727455167219900104341822443297;1608312699074892891838197802736442201845023;1826631361653526960280855320903597193537047;-0.010776803415113024;-2378408954200494886364579200744628906250
495158;1829031242338309110352551283908632912343168;1608478024632331243286875685653714701560393;1826652839021818729063266399980105080311918;-0.01078380692527941;-2378403316490381289284883928527832031250
495159;1829127991473759794942784064651910620177888;1612691050579661493734613701819963635423128;1826749582518557040448981278778497534240388;-0.010988923357434165;-2378408955202754493802785873413085937500
495160;1829413011403760564607448910360958181840653;1612721991690969715981575445961322316148874;1827034602449560247868888114576961600653153;-0.010976038404142154;-2378408954200316738560795783996581187500
495161;1857643817112271188605023544962679353611386;1612784067613862778136673820215769026408632;1857643817112271366784503680403505770048886;7.276797452437115E-16;178179480135440826416437500
495162;1857671097480357220709282513526593029894276;1613037449387543848426656542827886020347980;1857670669013386322940658385614300549425526;-1.7514637673032181E-6;-428466970897768624127912292480468750
495163;1962478350189172585156495324140574231545678;1613229441700611363620432895848270605926819;1962478350189172763335975459581398274514428;5.101790608495966E-16;178179480135440824042968750
495164;1962602255053460433916513567693147197099753;1615134626796493903517587109391738576756901;1962602255053460433916513567693147197099753;0.0;0
495165;1963015291336101198222298554416340059789713;1615258110858973094818062883595345343632178;1963015291336101198222298479331653780492838;-2.1591124639404874E-25;-75084686279296875
495166;1964790764039665127956862314410487049165707;1615258160386793410306815058553323657892565;1964790764039665127956862314410487049165707;0.0;0
495167;1965392871396749472072292124594788248153831;1629473573536819389428632721806817555887879;1965392871396749472072292125595917430179456;2.9802669522221695E-27;1001129182025625
495168;1969427950784116230032032164172482573275637;1629496907030633552875776406767533143335618;1969427950784116230032032164172484946322512;6.980965459338657E-33;2373046875
495169;1971933161860940735460867095661508156715940;1653028958916528108654364749460373037468222;1971933161860940735492543447685586525856565;9.932873800851032E-20;31676352024078369140625
495170;1971933161860940742115828720896121455538877;1783870636242235982095470250703233355647658;1971933161860940742115828720896121455538877;0.0;0
495171;1971958215760597478727504027478494603378178;1784060502976266235642890823734127386112503;1971958215760597478727509658829965550643803;2.997030345659888E-23;5631351470947265625
495172;1972022485369140764521293679843953642649054;1786250685842322600848555350505465330535314;1972022485369141120879831524280599150461554;1.9182595999614703E-15;356358537844436645507812500
495173;1972051215315612825913630785936987014842906;1786253218163112830274878717397643464673824;1972051209679907231404722096914925178905406;-3.033243458422866E-8;-5635705594508908689022061835937500
495174;1976588573876742331818914964935099148543931;1786352137107385113877658413194121281890794;1976588573876742331882267668983255886825181;3.330208719424534E-19;63352704048156738281250
495175;1993362199115079624253418722173082847083528;1786375414887608237059566223250692099956217;1993362193477369510592986323854016440833528;-2.723705348967972E-8;-5637710113660432398319066406250000
495176;1995519819823202464816898745180966666291602;1786410086155409507201600410836735391845169;1995519819823202464816898745180966666713477;2.0174814084466366E-36;421875
495177;1995520653908195983572919341401245728435388;1786567073909301905517408045237638326509901;1995520653833026515390780242756989136638513;-3.597424278757844E-10;-75169468182139098644256591796875
495178;2140697558188587919930438901368180771700422;1788563984822139621764609874806835273851257;2140697558113418451748294172373760361544172;-2.1346862062459327E-10;-75169468182144728994420410156250
495179;2140758496094945743624400920204260166738208;1788566533815851654632538506013263541912255;2140758496094945746000127322009959873769458;6.745544067593054E-18;2375726401805699707031250
495180;2140758816421035540309097617510345559440471;1788603375565857352696523469443601654193276;2140758816421035540309097618511474709831096;2.8428615158109498E-27;1001129150390625
495181;2140791741176303666812844157727602757091053;1788693382727574106834314787491100533347476;2140791741176303664437117755921725071544178;-6.747337341397508E-18;-2375726401805877685546875
495182;2141076806343580434346659626524474316094385;1791136972713009393811111054016020301443579;2141045099861901208074851481082964306328760;-9.060552309886098E-5;-31706481679226271808145441510009765625
495183;2141584599934764813765619993054947172134238;1793513183871453520718126436417978505707751;2141584599934764813765619993054949545186738;6.81771725710554E-33;2373052500
495184;2141656843650974248245046270455299320081598;1793737739711314405617828351593587838454976;2141656843650974070065571766365943851331598;-5.121290336933936E-16;-178179474504089355468750000
495185;2142949428069921191956349678395860825340309;1796147004539713264853335961370504476630787;2142949428069907828495339520333881997215309;-3.853335531547705E-14;-13363461010158061978828125000
495186;2143211176643076526993690451021874158641957;1817202588057959369569593130286053989125628;2143211176643076705173170586462700574657582;5.465484234901382E-16;178179480135440826416015625
495187;2145996007004975235065552765085164096844457;1817389428532371670962017259848920465586253;2145996012643687608270070666028920200360082;1.7159462842812887E-8;5638712373204517900943756103515625
495188;2147800960182591653023378536320278568965963;1817430059220444493607301877953354195006455;2147800960107422184904592141724178715450338;-2.2753053583069375E-10;-75169468118786394596099853515625
495189;2147810729206628114382214118426320325256928;1817586989834824433406756532455093396588758;2147810729206628114382214120428576252991303;6.0633312781913784E-27;2002255927734375
495190;2147903729343989339889471372303958709185956;1827125482174998433104601240987942103619291;2147903729343989342265197774109836395154706;7.406133123965567E-18;2375726401805877685968750
495191;2150316088043224261498851487758052282065454;1961995423273154548605293077525005025284524;2150316088043224261498851487758052282065454;0.0;0
495192;2154946807956009211845205885986112561608860;1966848736217987870862537906772309048972727;2154946807955995848384195727924131360436985;-7.104517811735136E-14;-13363461010158061981201171875
495193;2155257587650048738257872145776777177435180;2010172170010831546210336118973823108503222;2155257164821803577186452429895431894226355;-2.914340062848461E-6;-422828245161071419715881345283208825
495194;2171777126724766294367920569229919862099452;2140602313969298791836294756165506954384498;2171777126649610189646791628648000428505702;-2.4107957058362095E-9;-75156104721128940581919433593750
495195;2171777127401481257155302645754250077790712;2140828544957628221580675539914515941928753;2171777127401481257155302645754252450837587;7.667707816037084E-32;2373046875
495196;2171804603511493198174756025819505478681372;2143009953990254829703383227115432225011419;2171804597872780824938561772851670974384572;-1.958250045404161E-7;-5638712373236194252967834504296800
495197;2172315295994662239909832283244523792831293;2143010400482877021123252779841675485805007;2172315295994662239909826802062603382675043;-1.8703980426089052E-22;-5481181920410156250
495198;2176978770957875322022233039379982361196368;2143042552208433375001687981269196251275472;2179357179987245285122413069249061951045818;0.07008467993827609;2378409029369963100180029869079589849450
495199;2188389974293751117949981029967398900253163;2143138009545132812954234496976079653447349;2188389974293751117949981031969657201034413;4.424688103387568E-26;2002258300781250
495200;2323873413042105035967537376068300041096560;2143360467940581934216178700132065250500708;2323873413043107295542876879356569115705935;5.552286428963961E-12;1002259575339503288269074609375
495201;2371940691229043380773766694465392814601160;2143613752818597484217558845544597878225869;2371940691229043200218560158219817863429285;-7.907748765573831E-16;-180555206536245574951171875
495202;2498002691084703363949625293819927486537801;2143683042003804317271271150351228350890398;2498002691084703363949619664457366451387176;-1.5887808016398894E-23;-5629362561035150625
495203;2554924243707025890578628956412960772171372;2145459798894642047611906437455204213921274;2554892531587636370059505521392513994827697;-7.744779746151335E-5;-31712119389520519123435020446777343675
495204;2675913882786326744520753518201566814490480;2145647539523389145030205777817081267292779;2675913882786326744520753518201566814490480;0.0;0
495205;2676471627160734854617485151324727932018522;2147899991067045389940277594575118760589530;2676471627160734854617901871333578029686022;7.8838889640350265E-22;416720008850097667500
495206;2678091116536689529480693750205060077880048;2150153592781311976504637249755698593486017;2678091116537691789024779252856268542333173;1.8984434691365194E-12;1002259544085502651208464453125
495207;2678315124547293713307765151648094358585082;2150209395353331026084599463497916632916019;2678315124547293713371540207056572141788207;1.2076190785851989E-19;63775055408477783203125
495208;2678342253127216126110088880459810727346883;2150214930607435489325775952403446475255624;2678342253127216123734362478640582280081258;-4.498397073047186E-18;-2375726401819228447265625
495209;2683067822877126603513702179519117625534916;2164191034591669547053757536978273219366350;2683067822876124343937940324870527569284917;-1.9315945488208416E-12;-1002259575761854648590056249999
495210;2683104203175895699459514951290876038106598;2164511199488380286831136585089602268101347;2683104203175895521280034815850049622090973;-3.4358249893167683E-16;-178179480135440826416015625
495211;2683142639513150639810056244785630003787121;2164576349681409071765574838642410566668126;2683142633875440526181300198490463988162121;-1.0871725031447794E-8;-5637710113628756046295166015625000
495212;2683268557743404496895540415383030901584435;2164576350583523044085758086279932585606262;2683268557743391133434530257321049700412560;-2.5763758980167047E-14;-13363461010158061981201171875
495213;2683353135446101271020022495128674091447898;2164862942288243216987783048077809185296875;2683321423251542462905637219369933857072898;-6.116257352075531E-5;-31712194558808114385275758740234375000
495214;2698038805519895547572008317018522727768354;2183633573646056868431635828548650523187494;2698038805519895547572008317018522727768354;0.0;0
495215;2707136824012073327455158176545665093238358;2297445336298670532055635316698685954203753;2707105111892683987522917630796000786597733;-7.740487742699684E-5;-31712119389339932240545749664306640625
495216;2742812951957920390668741690869303707691483;2318984326854278787675549563412499163384918;2742781239838531050736501145119639401050858;-7.482297681423748E-5;-31712119389339932240545749664306640625
495217;2854285263185317300994195015470543096631492;2321395221868729490258935930272424160430307;2854125884962944279140621485080608903138406;-2.990827563210848E-4;-159378222373021853573530389934193493086
495218;2854285693322935156479401996219744024039285;2321399066033447523779600981037902415486083;2854282715848367603418783710133302816570707;-5.587444711641384E-6;-2977474567553060618286086441207468578
495219;2854313175913026339173424820958209702399431;2321517874614969975637477539351795986890950;2854287805618255949865963016967797608150233;-4.76173395459369E-5;-25370294770389307461803990412094249198
495220;2854379982198699743885309399679305332054221;2321522085829939317235079404645387263373128;2854318649478156266907009815813089920235600;-1.1510145755826825E-4;-61332720543476978299583866215411818621
495221;2854421070954673273375747746965458264318596;2321647661689519358688549818825171444618846;2854451417628362385370464037262955062407954;5.695981286109734E-5;30346673689111994716290297496798089358
495222;2854695124486970348078447996381491295464427;2321866780964107832668872939589015200861321;2854599837029537222787757781052354911174107;-1.788333120627933E-4;-95287457433125290690215329136384290320
495223;2856659517230338387462683028002159526892335;2321994396944788271302367990475662569183133;2854978777230832797800542665445034055602047;-0.0031435377692263745;-1680739999505589662140362557125471290288
495224;2856723420834758598610864770105439133525707;2323834511104376467943740834474398937639941;2855173609371550370617305737762950908849772;-0.0029083199798478885;-1549811463208227993559032342488224675935
495225;2861450933926150598644444494931539930699302;2323835424205881217845843244632706940743131;2856724160026291824321219074594661309234912;-0.008792108513235038;-4726773899858774323225420336878621464390
495226;2861741473593348242942735320181854649554352;2326282755947275691634635579939290527058958;2856724593678929337546590184033312286359686;-0.009369312234701466;-5016879914418905396145136148542363194666
495227;2863831129716579393478398201616488682641155;2326309003401625996734285385683533384642252;2856725405510147838432470815895302928460538;-0.013219407831907662;-7105724206431555045927385721185754180617
495228;2868374447625107350170169692303538250859827;2337981521749482399203116107409068058280692;2861420598679682561309059245028436540300633;-0.013110749797321842;-6953848945424788861110447275101710559194
495229;2868392967595053387704884197220730669268833;2338552328182088338411724529833647389220643;2861428507166286842719859991017437629525160;-0.013144443650986819;-6964460428766544985024206203293039743673
495230;2868396768301703061082248073491707151985129;2352820701813891657352482367786341866906946;2861454797389257951101732156172874563163660;-0.013464494113807403;-6941970912445109980515917318832588821469
495231;2868460193648205026468919790688192885291852;2364205336367595285509924375978313306914701;2861458189191800265706121886998749561131096;-0.013885844341025867;-7002004456404760762797903689443324160756
495232;2878324347188828422951015164670609209562962;2497583967600060129277430130856539791970519;2861544397515878193982857793100225249904685;-0.04407189405829239;-16779949672950228968157371570383959658277
495233;2887519209352096291002397935604335601063207;2497584407342464641044172788268106503240231;2861549018806668150453279598517136225047337;-0.06660136620682208;-25970190545428140549118337087199376015870
495234;2887649363044201305075624060931810816081957;2497584824983215265164587962148340569396712;2863828069732075255436541396161024440976254;-0.061070133241391;-23821293312126049639082664770786375105703
495235;2887810927782813282300503643854360861063329;2499711238593526807263983864486421344298292;2863829348131988505414298199905532230635710;-0.061792318620302544;-23981579650824776886205443948828630427619
495236;2888319228380525750239433079856353259074460;2499772504575594532141908376089856348955628;2863838633817382624712087767321030202821957;-0.06300553591962221;-24480594563143125527345312535323056252503
495237;2894913127737001774302982057139257219387528;2499775057598366706208582155421814665481557;2863894132263727164401040204750093865335766;-0.0785016626274242;-31018995473274609901941852389163354051762
495238;2902483896350313239882346024211184674044528;2499904008891736611085785124438068939615696;2863928348035557981729734811367090143056259;-0.09577117366232664;-38555548314755258152611212844094530988269
495239;3032506556527981397993691327943462907044656;2499994489402485963067267835615207874820128;2864115231886759965882828520452116513079836;-0.31622067374022;-168391324641221432110862807491346393964820
495240;3032663387488574190453992575554597982586332;2500066797701979868554159825228116226022655;2864121929063339519828793677091888888744531;-0.31645238001386267;-168541458425234670625198898462709093841801
495241;3032668054353016661574069117527032227290858;2500441847359379865399369331821978762755022;2864530009798900113561701700915800725236018;-0.3159146286761613;-168138044554116548012367416611231502054840
495242;3032699321043206749221089814735666824532400;2500469377186974597775361733292877039616822;2895418972554747953116638422807656819622263;-0.25793428211461444;-137280348488458796104451391928010004910137
495243;3032832089193399504223533879124679915923579;2504627075256823466061079764302852315653209;2901914453414804966725540974893545190503652;-0.24785383009316606;-130917635778594537497992904231134725419927
495244;3032948796550354469890726173806413780705357;2504656541534897740471828981243512912630080;2901944803233994312931810783429565649129805;-0.24797636549210295;-131003993316360156958915390376848131575552
495245;3033359443158159802993185741340114622008297;2504657455385179663981373463928121134113624;2920720908671913387666509205082485391266018;-0.2130473065946035;-112638534486246415326676536257629230742279
495246;3033554281011743594191504520206948779943522;2504661244072708058400714554192456288700003;2920944546233720733221945302496472216855395;-0.21291589586762352;-112609734778022860969559217710476563088127
495247;3035104831666498411356422383749171807281787;2504688834865722811629920028165789631282889;3032665934750354419847259150896110691949616;-0.004598083260788309;-2438896916143991509163232853061115332171
495248;3035105265243966456399660025895037139875311;2504753477528417696644033628457065001960156;3032666364887972275332471988251019414664360;-0.004598646431455552;-2438900355994181067188037644017725210951
495249;3035106077075184957285118306396884715569913;2504758494812752172787541557606997780117417;3032693847480067977178024003468585678961931;-0.004548393687073193;-2412229595116980107094302928299036607982
495250;3039801270243717598766269719042718766863133;2504946259705272946473233215968895672480650;3032760653763723499277369083479048984397971;-0.013163598248628597;-7040616479994099488900635563669782465162
495251;3039809178731323783393449697438336067025160;2506908987276381519921907702982271260898832;3032801742444540926422404891988804211584221;-0.013149622385480694;-7007436286782856971044805449531855440939
495252;3039835046126023181961361966002414602226160;2506912810479588708891829959615830839645358;3033044083932618126999277292493551842761302;-0.012742876425802765;-6790962193405054962084673508862759464858
495253;3039838866394547320040149623090363330662346;2507003302720813390796727096769066175295233;3035040183158667652231082326193230083532960;-0.009005936470895924;-4798683235879667809067296897133247129386
495254;3039925069080915312835927634962128081935935;2507007518087400307401590345333456628568287;3035104092399795717463934611967161613994457;-0.009046383764490167;-4820976681119595371993022994966467941478
495255;3039929690371705091126869304911337853562962;2507037174083285337055618044017871320970458;3039831605491174532215984314172109999058677;-1.840612835280877E-4;-98084880530558910884990739227854504285
495256;3042208741221942727927980741234724391310004;2507041840381259922739175176915169021297044;3040090010210737319151654531825073643694977;-0.003959009811475891;-2118731011205408776326209409650747615027
495257;3042210019698027886218856298195028080245085;2540362794828779540949528050569735193852929;3042211801281616512331468043478213536156780;3.550051689715506E-6;1781583588626112611745283185455911695
495258;3042219305381417483989395754520816579775082;2540395824370191670069355014491829062774076;3046755119191146728599001388813850819641077;0.009038663955279882;4535813809729244609605634293034239865995
495259;3042274803828764283254110046611818719273267;2554413788975254984773542800388058176823150;3046773639160090506526277686057248003253208;0.009221551208958753;4498835331326223272167639445429283979941
495260;3042308596772336754229854914726312586806259;2554669572096671580273266447163020467214393;3046777439791570711784855168733609739875754;0.00916424402703668;4468843019233957555000254007297153069495
495261;3042464191257238454800998928445433163892336;2674124140454785353382010367697727957485644;3046840865213242145321984001198446791541852;0.011882156030735233;4376673956003690520985072753013627649516
495262;3042470888508987298717946471010498507885156;2675743054071904252609248038698472756810623;3056705018753865541804507357892655108000462;0.038813880235535524;14234130244878243086560886882156600115306
495263;3042910681363937410594251603133665715470393;2675904997759808317089895388103399702225003;3065899886554843523515900175785304838922582;0.06263991599569732;22989205190906112921648572651639123452189
495264;3073799644119785071938031912645303303997263;2675964249786450490029725167149980666445082;3066030034609238423928693902793535669597582;-0.01952970907368971;-7769609510546648009338009851767634399681
495265;3080295124979842085578610816755270044019277;2678160786212588148221580055302315138000166;3066191599272680932971434387071829122782079;-0.03507167716737552;-14103525707161152607176429683440921237198
495266;3080325474799044795245890633183899144379805;2678722759095076373767754693300483353047522;3066699899945562869092502921718082858678210;-0.03392799480849548;-13625574853481926153387711465816285701595
495267;3099101580236950508926981800773810342437893;2685414085304598738751939521379095361636585;3073293799302038893156051974085668384262528;-0.06238472579194552;-25807780934911615770929826688141958175365
495268;3099325217798757852106691496382453418027269;2685455915838715909833182233198134053293444;3080864567914348099159654010423190289278903;-0.04460502336602892;-18460649884409752947037485959263128748366
495269;3216339262336849267802002420350706053925743;2685506552904116602239454978413449508697273;3216339262336849089622522284909879637921443;-3.3566032569064926E-16;-178179480135440826416004300
495270;3251849523759477788735639363513447849215375;2685547596267759611646665174645475578438033;3251849523759477788798986436210133671871625;1.1186095194354117E-19;63347072696685822656250
495271;3251983724070743305351865850881542047045096;2685635990321403383089385976499166842257823;3251983724070743485907072313043559869310721;3.1880626636721746E-16;180555206462162017822265625
495272;3416103495942069770410980376979559859528527;2692838023276058454228804515119176745464680;3389427685972465725250931501633742674628983;-0.03688246014464784;-26675809969604045160048875345817184899544
495273;3444417840825248203750510680525241879685721;2699906877602008861631246730642410422492807;3389433226259112227874084444703749399210535;-0.07385333095444158;-54984614566135975876426235821492480475186
495274;3444515960801192463106792447419201641358833;2733204580131530853320061337044210621320932;3389454795543431619983316793992504659196018;-0.07740796331126279;-55061165257760843123475653426696982162815
495275;3453641518149129213262762024615200844183811;2854218524644373153531253672001701815791882;3389459413046492158082309508667237689935707;-0.10707314500461819;-64182105102637055180452515947963154248104
495276;3567808357537502846479727745301345182050858;2856533530548696883321506527956062600871192;3389648424949300576193132455074063360950206;-0.25047973839091897;-178159932588202270286595290227281821100652
495277;3567813897824149346727154286565652231241785;2856731019997958118451728654467660420372182;3390025698159116821477857432503251100601850;-0.2500245825191828;-177788199665032525249296854062401130639935
495278;3567835467108468738836386560769543233420393;2858881874743426247087973382005940789790786;3390249279161117582747056114225439459799460;-0.250490567873322;-177586187947351156089330446544103773620933
495279;3567840084611529276935379350528962511810707;2858948567554928265956787865282127422736467;3391618012954389861761275096071357060763295;-0.24858820766939588;-176222071657139415174104254457605451047412
495280;3568029096514337338687242026054135381590756;2863733766461928463372371191383726562381253;3398978631850085184409814095835910472815835;-0.24002780857807557;-169050464664252154277427930218224908774921
495281;3568406369722149421179825916428116823258025;2863860209994503746674851945841848200663591;3399035722842612536998532021974407278788876;-0.24039680656979237;-169370646879536884181293894453709544469149
495282;3568629950726154701600125956087164313315085;2863861479241010519574910946215707482934387;3403602256855460694388753667266107549039461;-0.23415873517005453;-165027693870694007211372288821056764275624
495283;3569998261691155092620904756759528384200794;2897317391300847923858681515306199943884694;3403602584047279660468112422488962597908278;-0.24736198837842419;-166395677643875432152792334270565786292516
495284;3577359309052832416923316336016879711097085;2899283119051807239419594525337710436943281;3408298103352095886618881389942838417311956;-0.2493247929859931;-169061205700736530304434946074041293785129
495285;3577416394407649477672121728395305716288876;3032535703957335617509067036547705532498352;3408900650093616537045441034091629175541020;-0.30927090511275773;-168515744314032940626680694303676540747856
495286;3581982934058207748722775771992901982633211;3032664672282118123027177081931966226703119;3423168155520120672100436321030625376600600;-0.28911250469736316;-158814778538087076622339450962276606032611
495287;3581983255612303415860172031204019970955153;3032820706799049704056100475155188010198768;3463157149880332421001695745047741711597402;-0.21637692881416537;-118826105731970994858476286156278259357751
495288;3586679197745404893465391263809873329421331;3034914198136715962318803704996157738371404;3594484167507106889264050218841287086091027;0.01414546005498223;7804969761701995798658955031413756669696
495289;3587281744486912180430940749910031275150394;3034953503650259619430603240435173962124382;3622830224510676743932102787371091489060721;0.06436114867115367;35548480023764563501162037461060213910327
495290;3601548827085157790953506162892350230116150;3035073130163150432048979548456401613735175;3622928344485618921892108541466748028077583;0.03774127913453041;21379517400461130938602378574397797961433
495291;3641537821446371799398851089533973537769277;3035230405272870729954383064765907004777183;3632022189714166336867278963652701820746311;-0.015694401022273603;-9515631732205462531572125881271717022966
495292;3746501575710129857003356731647451962677954;3037261249536792886946626610770085403099530;3746469863590740517071116185897787656037329;-4.47127979318953E-5;-31712119389339932240545749664306640625
495293;3748626250427016163480379962062181911070201;3037356887678313921723810138951691836461344;3748626250427016163480379962062181910648326;-5.931297228516395E-37;-421875
495294;3753731933940832035914878627135798683147913;3039765277727278929051871894335469897793627;3753700221821442695982638157471949807038538;-4.441680730234912E-5;-31712119389339932240469663848876109375
495295;3976744174042114343571736616049312461285044;3042049790088469969665941757128714109444844;3976744174042114343571736618038222373405670;2.127871897237445E-27;1988909912120626
495296;3988761501301421114042611152365423923061123;3042117426089442663541662237485852841845575;3988761501301434477535297662464831882045498;1.411670239790775E-14;13363492686510099407958984375
495297;4281526529063721130492445172032499750592656;3042119105964610511062427292870624800531243;4281526529063721130492867523392820827155156;3.4076878389593346E-22;422351360321076562500
495298;4459835607277675245667833332813992691563209;3042198293491539469588489614918289275845245;4459835607277675245667833332813990318938209;-1.673647396923649E-33;-2372625000
495299;4460024640020424664211287892795358604569383;3051627306356406408357018273844647579210451;4459992927901035324279047347045516319413133;-2.2516457984792698E-5;-31712119389339932240545749842285156250
495300;4460408195666817055780305549417992434216971;3056320312151794021982398612595376335422589;4460408201304513805979727789688604006482596;4.015202193815599E-9;5637696750199422240270611572265625
495301;4462121011476407040467839110550093276837508;3056671648082061250219112862866169089795616;4462121011476407038092112707743086440900008;-1.690367838702715E-18;-2375726402807006835937500
495302;4464595071095218378183789491672325481419426;3075216066548152232912900819615834948126702;4464595071095218378183789416587639202122551;-5.404190363721113E-26;-75084686279296875
495303;4469349327709202642995845124546133982286958;3151431260667019028865080916420763686040944;4469349322073496870339132727218526804552583;-4.276218616006215E-9;-5635705772656712397327607177734375
495304;4469541697701757264637654491314338896545085;3191631978431974696539401485766391339944928;4469509985582367924705414020649365615295085;-2.4815617966706387E-5;-31712119389339932240470664973281250000
495305;4469544697994859587957159558822659800281562;3206127816452280368780141889693604602459445;4469512563122381191674628237773923228015937;-2.5434892431673815E-5;-32134872478396282531321048736572265625
495306;4470141653256708488489850267318787113710735;3211106251337985865509753280327969467591817;4470141653256721851982536777431543493007610;1.0614072222389181E-14;13363492686510112756379296875
495307;4476304841984391426455703959537723149585427;3213489714155078970863781672922567150143982;4476304841984391426455703959537723149591052;4.454333715235869E-39;5625
495308;4478647238447077078628531021668237568147551;3218178045086679000711838895200900890011332;4478646815618818554096101147724908679090676;-3.354530683905702E-7;-422828258524532429873943328889056875
495309;4491197282794705090891017616945528186449383;3218278689113785051956125638615208718462970;4491197288432415204551450015264772571209383;4.428963597238196E-9;5637710113660432398319244384760000
495310;4492817897951715116545780483156792867278628;3220438879068347764460050923384387664268043;4492817897951714938366300272631280172388003;-1.4003648092758936E-16;-178179480210525512694890625
495311;4492856938268561400544275231784001430345987;3220494777186694037204388217421238548578121;4492856938269563657744310683625406703783487;7.877137741845843E-13;1002257200035451841405273437500
495312;4493871333271381345013508964966828319496918;3229979666548152300734791351111421516338351;4493871333271381345013508964966828319496918;0.0;0
495313;4638157940798760945125666332330442996619683;3230008763894588441202593717717808181880324;4638157517970502420593236384303556978650933;-3.0027234717711074E-7;-422828258524532429948026886017968750
495314;4640529621560364761323336263371206979837031;3253886725668713682843927781361826005523999;4640529621710703697687614460659720163430781;1.0841936075229085E-10;150338936364278197288513183593750
495315;4645132199526734790110003201038895319003181;3385119452323032289953130961409451125188091;4645132199526721248437830924187237599081306;-1.0747250138801658E-14;-13541672172276851657719921875
495316;4645237336884837946948729500106984617570701;3389486914480902144197222426029336970736452;4645237336884837949324467164615804197654451;1.8918868129551133E-18;2375737664508819580083750
495317;4647633121942023113982077213825259954643133;3392023928076262520290388458790794589152655;4647633122017192582164216312496213323783758;5.986693037083288E-11;75169468182139098670953369140625
495318;4647892743229436238634952597998575634981674;3399127420855252320217862110376584601720469;4647924455348825578598869496773447461153549;2.5394779003830827E-5;31712119389339963916898774871826171875
495319;4657022853587368633576142235049141159742278;3568057851996140106085956685879976076806633;4657022853587355270115132076987159958570403;-1.2271708448509336E-14;-13363461010158061981201171875
495320;4657059756086411431865504988216573696860927;3570058670368176349965726324185670423784641;4657059333258139546216126343780691128501552;-3.889860621493914E-7;-422828271885649378644435882568359375
495321;4685752757602966033965575903928484416519710;3570092108439854221984299015014822392149074;4685752757602966033965575903928484416519710;0.0;0
495322;4702889193071368155372445282558724013896928;3570566830990237186128555333411163903070932;4702889193070352532335678901199623672100053;-8.969380723875626E-13;-1015623036766381359100341796875
495323;4816415292707810963140731593223552075015083;3574941919167894179612211522013783640022747;4816415292707810963141570664592723217593208;6.7586739035620895E-22;839071369171142578125
495324;4816471056651623078634199843885659318146705;3574945313670644821115600822390489593072198;4816471056651623256813679979326485734162330;1.4351654095195898E-16;178179480135440826416015625
495325;4816565317911163652893572501464086149456543;3575005749033150297082432870940646304547027;4816565323548873766554004899783330534233418;4.540829336731045E-9;5637710113660432398319244384776875
495326;4816881125346923038959226823642774712643360;3577258572879052689742099391385234948513840;4816849413227533699026986277893110406013985;-2.558207683960467E-5;-31712119389339932240545749664306629375
495327;4818849374148553235052215920421279047310926;3577258606549892951343900903849137734622182;4818849374148553235052215920421279047310926;0.0;0
495328;4818882349027973578573205909330283058456288;3577258673821609309104951256618590573126604;4818882349027986763854747194654379738143788;1.0619386376547517E-14;13185281541285324096679687500
495329;4819005414289244706738178019001724190824144;3746187352759173809511067580403408430293832;4819005414289244706738177943917040285417895;-6.998827349934735E-26;-75084683905406249
495330;4823515317414706439646865025075091218023379;3748532340982965620417979357258857120281884;4823514894586447915114435151131762360601504;-3.933348413833055E-7;-422828258524532429873943328857421875
495331;4823519088839715077702531120244077894393794;3748784780888020154634568603337707667454457;4823519088839715077702531270413450452987545;1.3972697386463565E-25;150169372558593751
495332;4823605375546358907372988734452836757876796;3749137036128117729154991190929959807920019;4823605375546345543943654928414933925845546;-1.2437248119420175E-14;-13363429333806037902832031250
495333;4823662985904652476217244624057206761029874;3753289232227663928837977810876180906500007;4823662563076393951684814675029191624311124;-3.950286122693281E-7;-422828258524532429949028015136718750
495334;4826109402544957538722241987295064965347026;3753544603470403359073458850615349540201258;4826109396907247425093485940986550561050151;-5.2562885883381275E-9;-5637710113628756046308514404296875
495335;4828555927667751887804507960543912902080232;3753547186211143353560351906100845732255862;4828555927667752066015664448008639708720857;1.6577647196244498E-16;178211156487464726806640625
495336;4830550317436970089094821197349821955172329;3753923836823121613514215365391364665735599;4830550317436970089094821197349819582125454;-2.204150573787657E-33;-2373046875
495337;4830645126750686339911043072208818370097521;3760366114742952507992497712570522399489176;4830645126750686339911037440884044200175646;-5.2615483542054446E-24;-5631324774169921875
495338;4835401899329033079746386070900700836033027;3765153298119972103249347569239134377910527;4835401893691322966085953672581456451689277;-5.267664080374883E-9;-5637710113660432398319244384343750
495339;4847389548672897867191271528574446081547517;3770412909881699472359596945435501084057582;4847389548672897867159600807901838659672516;-2.940706374852729E-20;-31670720672607421875001
495340;4847711263998951573653047106303058297447528;3779299112230430195442247314181620407695137;4847679974707820758253236434496544869713153;-2.9285787398639053E-5;-31289291130815399810671806513427734375
495341;4876443781906635876356710848579940793179276;3779326929448652191815193370264567999480249;4876444204734894400889140721522140500210526;3.8539947461132035E-7;422828258524532429872942199707031250
495342;4880495300306460773739004284068714400011349;3779998347581617848164386866677388671808750;4880495300306460773739004284068714400011349;0.0;0
495343;4951855989527219322350942333559248037716638;3900751462625287073751587991962476717370477;4949477574935308713772463372663709707638513;-0.0022627764708813914;-2378414591910608578478960895538330078125
495344;5023204486437305361376034595865208528325022;3927170531963705594343004699841215557134841;5023204486437305539555514806390721223637522;1.62567482041285E-16;178179480210525512695312500
495345;5049373796119094345005311573369783490535706;3931803888743280393209067264665886328672508;5049373796119094345005311573369783490957581;3.774931637078635E-37;421875
495346;5173547343315346614292190252979261988815381;3932275688697734932065760106589819537652496;5173515631195957274359949632144911402889131;-2.5548089551041282E-5;-31712119389339932240620834350585926250
495347;5173685558483712473026622018478568587266558;3948386796745383884747442733171517431737526;5173685558484714732602389504478629622844683;8.17971589513061E-13;1002259575767486000061035578125
495348;5174132160742323780217619425657283680156884;4290779663749275333484098115439353634079984;5174132160742323780217630613262190875078759;1.2664938340331609E-23;11187604907194921875
495349;5175707122547492539722015804740277915663025;4459741751350135994232485231986197286828821;5175707122622662007903732702193586084413100;1.0499036853696708E-10;75169468181716897453308168750075
495350;5175707122547838718502458922572269936533873;4459741751350335011081326128586094327043223;5175707122623008186684598023218782456065198;1.049903685375352E-10;75169468182139100646512519531325
495351;5175709782657798234445710253827139658278306;4459742669930113462259169063115215984798071;5175710205486056758978151390473410410231431;5.90569386509452E-7;422828258524532441136646270751953125
495352;5180650853480559341086363327281998134463252;4462307495247822614595409279024056630250642;5180682565599948681018609503382004237978877;4.414618583981602E-5;31712119389339932246176100006103515625
495353;5182874466783306054770845794982802359534515;4462476171107309153697398069274321902703982;5182874466784308314346607574546706168128265;1.3912575609597934E-12;1002259575761779563903808593750
495354;5204248452225881953988169047721186181882668;4462634724704275968702464971097894650110084;5204248452225881953988174679072657129153918;7.593375448653907E-24;5631351470947271250
495355;5206412110583739390056840406307569034117881;4466812690886315503114507178383989948152265;5206412110583739211877360345951428897399131;-2.4091349359529083E-16;-178179480060356140136718750
495356;5208754171961421770990023058959988806500462;4469315880478821698227815074180499686747251;5211132163725073855067742866584805701031712;0.0032159434952768354;2377991763652084077719807624816894531250
495357;5351613070305410814534089783120666545517031;4480928017466319045275382294101333855724537;5351613070305410814534089782119537395126406;-1.1498177752405267E-27;-1001129150390625
495358;5351687109520405339292453911337240041462733;4483524995009125550421579084358287710116200;5351687109520405339292453911337240041462733;0.0;0
495359;5353896394160862683346882540099791161543208;4494907057411254310859826588384038005632517;5353896394085693393344223576883012597084458;-8.750899084160632E-11;-75169290002658963216778564458750
495360;5358653476067576137561951418598605403116332;4661720456899003701577154577032026230225090;5358653476067576137530275066574527033975707;-4.5451070838726575E-20;-31676352024078369140625
495361;5358812478589754633430928593733178213071962;5356306378647740323643895901019562384403357;5358812478589754631055202191927300495884462;-9.479775175671395E-16;-2375726401805877717187500
495362;5358813323783253922336176569260380033861180;5370583146982986190212411357101062315787327;5358813323783253922336176644345066313158055;6.379423463302733E-24;75084686279296875
495363;5365693623630714074697654656199600137651714;5621018615264912058838812705674858492793753;5365693623705896906340803912906015909557964;2.94459352223785E-10;75182831643149256706415771906250
495364;5365824226075482275235890676940753053564831;6361233015989671054451789258858203345826257;5365823803248225832099742522205187868018106;-4.2477749918160434E-7;-422827256443136148154735565185546725
495365;5399499632525326503275804443004734693279138;6778658346666883357762746609410762758389299;5399467914768227052058857900741703687419763;-2.299790210816571E-5;-31717757099451216946542263031005859375
495366;5425185558624717928939498224585301953797336;6843583682302948923140817862460842894950376;5425185558624717928939498299669988233094211;5.293625606651615E-26;75084686279296875
495367;5558412508716977692086871727526850306431541;6875120716371443725889454961595543566271946;5558412508716977692086871727526850306431542;7.594697095276425E-43;1
495368;5708316447399151168804207008044211407936653;7137608699310550708182494420707429645079542;5708316024570892644271777209185390851296028;-2.958305118908202E-7;-422828258524532429798858820556640625
495369;5708375163488679484490589366896888948102703;7508769069982919651827869258040242661740230;5708375163563848950297002063735267854352703;4.1751677527494004E-11;75169465806412696838378906250000
495370;5708822087299142972694089335731145628816483;7557105279268182272623059896524483011027442;5708822510202570963032926200076696165925858;2.2880878310634062E-7;422903427990338836864345550537109375
495371;5711003925168332775994077185456504360839510;7562279791926656486484305263306281044723700;5711003925168346139454664992158164517089510;7.218513905875512E-15;13363460587806701660156250000
495372;5715416505104552797193987203817842403951265;8793678637220173125833922542131153306625449;5715416505105555056769749058466437237935640;3.25592666493618E-13;1002259575761854648594833984375
495373;5715416555907094210300548753998829417525233;9160313502050379842935519856670902551914045;5715416555907107573761558912060810618697108;3.87920487000897E-15;13363461010158061981201171875
495374;5715416618462136557942724747076477843861205;11929810048259000190328981773724711659073285;5715416618462123194481714589014496642689255;-2.1504047275286344E-15;-13363461010158061981201171950
495375;5717920972790865240231327483210184970634247;11930162823157488258734301826212476015125949;5717920972790851876770317325148203769467997;-2.1511495096362676E-15;-13363461010158061981201166250
495376;5717929424920916856181358224143628052169773;11932253167674678259041252891073642290328122;5717929424845747387967542773475293091232273;-1.209616224154191E-11;-75169468213815450668334960937500
495377;5717952239396852834463194607721773694787326;11942023950951697142442288149806725304703101;5717952239395837211426422595011558362756076;-1.6317662839368192E-13;-1015623036772012710215332031250
495378;5887077612323301847630127356301097211934778;11949029374956009908930168798516873288432921;5887045477375653983165879287968425092794153;-5.301089303605452E-6;-32134947647864464248068332672119140625
495379;5896561649844281545683530841810995316219460;11951347286164264016383903037694031905902101;5896593361963670885615771387561015579891335;5.237529665643808E-6;31712119389339932240545750020263671875
495380;5896969246953708496108335241484779639700056;12113234284370188656931498833066259615208692;5896969246953695132647325083422798438528181;-2.149757278642675E-15;-13363461010158061981201171875
495381;5917772863555465074225283064553868508767502;12117991879595408370732274218270973741417807;5917772863555465074225283064553868508767502;0.0;0
495382;6250557786833067039277888174348478317335609;12158338636195000911660070313894541003304967;6250557786833067039277888174348478317335609;0.0;0
495383;6452634064280038385912013615867601322225640;12294287269469131450859811421238142370310644;6452634064280025022451003607974992680491265;-2.2876162861118215E-15;-13363461010007892608641734375
495384;7286785469692095110894169824328133290795083;12296151039447353199676397005521855104968132;7284407483566153138132832365240759091576333;-4.74708042930505E-4;-2377986125941972761337459087374199218750
495385;7966482963069854915356913262445663275665707;12303574743277878323231748527892861047241156;7966482963069854915356913262446019232696957;8.207274581423015E-32;355957031250
495386;8027165360385102144254592123403210221497781;12464986370374492530236235206355635359042733;8027165360385102144254592122402081071107156;-2.2559024984043206E-28;-1001129150390625
495387;8219879498707377065078240044050893912587808;12481790911878021242711854773260675256345458;8219879498707377421437200314932544403212808;8.361482107995502E-17;356358960270881650490625000
495388;8224646836802107868168465860694369730000526;12491211113682282759857550795621587214961792;8224646836802107865792739458888492044453651;-5.568242378720407E-19;-2375726401805877685546875
495389;8564875611967063556401532915285295400104553;12828852467329118637002248632596389677685735;8564875611967063556401527283933824452838928;-1.320680590436532E-24;-5631351470947265625
495390;8649180869397078787495868965730135231728877;13014683395452419567277005308629675007329368;8649180863759368673835436567410890846963252;-1.2914229415770504E-9;-5637710113660432398319244384765625
495391;8683071359990915577898393755124832964704275;13019132366106745439305171249092062058751498;8683071782818171842855056143068100786969975;9.751413913885822E-8;422827256264956662387943267822265700
495392;9297303851294134508302724620289792499328429;13361938273936188918905537475444873955472022;9297303428465875983770294746346463641484679;-1.0402614714109756E-7;-422828258524532429873943328857843750
495393;9362703369540456957246325233865295451767031;13364342887772573673789690508106169693106942;9362703363902746843585892834544921916610781;-1.4088500695712628E-9;-5637710113660432399320373535156250
495394;9384462429341166990928575699766041574833918;13535362959613098383714944556989785341828850;9384462429341166990928570068414570627568293;-1.356657773386429E-24;-5631351470947265625
495395;10435301467279478124494861820521575587821234;13556863786330178913264823192536195709123144;10256920795714441005610115550549956935477483;-0.05714467735479473;-178380671565037118884746269971618652343751
495396;11317520284325458658125283447155244359031913;13556918355337921885492629587926572884464521;11495900955890496135713039886620169407860039;0.0796556333034569;178380671565037477587756439464925048828126
