496145;37296835473716935905224685071402781316958169318133208;61853494369094407245880416447726887675664272690135023;37296835473716935905224684890847574779711462843523833;-7.352596593310757E-27;-180555206537246706474609375
496146;39471080140163101338024019026224797785157841059396952;67774455222883512810222132820232341836765980833721257;39900029911317151534766010411577086621207645746902577;0.015155428280209937;428949771154050196741991385352288836049804687505625
496147;72470012576749193872738684935817945382393563415041973;92241000497294210757116808325099305630950838715878751;72475656652685431375327395348783101521337960388120098;2.854726308528297E-4;5644075936237502588710412965156138944396973078125
496148;96141283950652473082678036117835790980089741893790206;95306026979406815224503728330104556411712227093516633;96141282947258817120390042074399884021396962352774581;-1.2012993491881666E-6;-1003393655962287994043435906958692779541015625
496149;100069568699922596637927739655290987496859815147953523;95317167669327495271860910633209793832519687048569942;100069568699922596637928741914866749351508405235844148;2.108954125103265E-22;1002259575761854648590087890625
496150;165535784478181771100699333146809307088507996790178384;132512144676544268244741802171981164394198329854207198;165112478782963958406547054433998358597411500208152759;-0.012818262849294486;-423305695217812694152278712810948491096496582025625
496151;197780419559370629523614157897738529988014578016088640;190945044173056448053047465673619650609116895580143207;197780419572749179890991941989898248263084768445776215;1.9572517398480233E-9;13378550367377784092159718275070190429687575
496152;202487175449046670981461409338548660407717749981992574;190945873094670143548498376872507489420676160725951333;202487175449049049390415609833466701338942572980039449;2.060780387837763E-13;2378408954200494918040931224822998046875
496153;222721345308377055755687859626067527756839142658407635;222343405872545645503063629023149737292158513208032227;222721345294998505393947786003927202150969849445517010;-3.5398662043057943E-8;-13378550361740073622140325605869293212890625
496154;222749192556191098330638143554632901562697373152508281;255265460307187019822719987357556733559979867844345466;222743547476863551562596250253218066833246969343914531;-1.7360784979308913E-4;-5645079327546768041893301414834729450403808593750
496155;254582818142847080295896154796769700982018698396381826;256117044478365762425967981397492924362366049442565008;254582893397192896801643550517451807894154776277241126;4.905035461476693E-5;75254345816505747395720682106912136077880859300
496156;292114803378189385924400540167508188477420617714238877;259081522884371574664695696062755288000048739741567107;292538109073407230753501469182539049378299523964238877;0.012814521866729727;423305695217844829100929015030860900878906250000000
496157;319207199598843333728830288523752587350611725210398055;289552466149275961363599224521720172324917617411461626;319207199598843333734467998637413019748930969595163680;1.9011164350029523E-19;5637710113660432398319244384765625
496158;321735382377930212724544251175912176535583248761320710;317959460351216084953062880414521090085301542398196193;321735382377932591133498438485548265092839944317961335;6.298882597046215E-13;2378408954187309636088557256695556640625
496159;325546463159533442686706859113887567389807961859957183;414026907601050082428848040978557708720519933860674399;325123157464315629992553578141500857044062875190035308;-0.004784172343275324;-423305695217812694153280972386710345745086669921875
496160;349266946096563560300109921791221800344254437161758133;414428099768379217963944514314035542068706627804429071;349266946109942078955368316365269797939135268392226883;2.0531433072286201E-10;13378518655258394574047997594880831230468750
496161;349268900769671649512250146857564550621512327595060635;415788768482326561269290330327593436375083238881655714;349268900769671649512251149117140312476160917714591885;1.5067071090569565E-23;1002259575761854648590119531250
496162;478076787496076336409902303672941360230307940561736087;416115674314195313342743549602845345306740001022654378;478076787495897955738411433762694667633442833384001712;-2.8789132785147068E-12;-178380671490869910246692596865107177734375
496163;487309971996576988493620835925511511588320187113488172;444906484906488846755767159333813498049172079219616640;487315616072513226424675514798490049863085201761931297;1.3310405166081825E-4;5644075936237931054678872978538274765014648443125
496164;508040962027509535145076447545716041375056522479115794;450030555519372618358519730661537081741204235571173432;508002061337402926240954478521714930903440382973642640;-6.705812361641085E-4;-38900690106608904121969024001110471616139505473154
496165;539750063733084694802485067589557742249494457749033265;477574237917270750149796163844856315092584851632975787;514390257634969630657298663944789224965548981175600858;-0.4078724450438259;-25359806098115064145186403644768517283945476573432407
496166;546561490471523395412948004482718201083112457738100858;483042748540360233861968161673008187658124831669376247;539788889168843108374791050353759324599175705828730795;-0.10662366880660079;-6772601302680287038156954128958876483936751909370063
496167;636263016895475667435446023186103327623337881665673375;508401441166335144503629604778676252009756808845431077;604515090757530992927284746065194096371668722761767125;-0.24829919353722701;-31747926137944674508161277120909231251669158903906250
496168;636691371831997083548607813785136752144767726958758235;508813460960133280232735710255072509203640788722277182;604943444690839512158751934082083401398122756255633235;-0.24826748360762338;-31747927141157571389855879703053350746644970703125000
496169;638345675767714762874950873151247797227894253295701332;541419506071987180638508495569981543883322016860376897;606597748626554813076066639108099362112080044311326332;-0.3275475265433848;-31747927141159949798884234043148435115814208984375000
496170;638882382785060850332577098052638606069010044303921267;541442728613543285262903132608571446825394213167979457;607134380389379081770971339516613655624311710563686891;-0.32582219903816095;-31748002395681768561605758536024950444698333740234376
496171;682521625625676507075138340455885589019844111478305085;543107837067381922863670976483082788349884144657945936;682521625625676507080776050569546021418163358236117585;4.0438683805677345E-20;5637710113660432398319246757812500
496172;698551642986476622829872158602828871799773913088594576;543580503768838538738675420569495214283771507559221973;698551642999857551606279312479909289969272356692532076;8.63446500036066E-11;13380928776407153877080418169498443603937500
496173;706104408087769319099837100167287217206834619542969669;572773170815428214081524092155612691700416368206797523;706527713782987131794065563971317076809285944005860295;0.0031748426241119516;423305695217812694228463804029859602451324462890626
496174;740070445026580591844507153687167441317490726507693956;614628736040710048064338570429985988156931247875149383;740070446029971869397917118965850605496816008245975206;7.99886485655604E-9;1003391277553409965278683164179325281738281250
496175;793733248156525687342840493376315377008543518262757103;635410071096982297207708867800495253945184323679388753;793733172902182249251760177732394304876957214551819603;-4.7532107955229353E-7;-75254343438091080315643921072131586303710937500
496176;827191182811759786346448032927043028249357303716971648;635428507113954631717459136083286537013698616610313253;827191182811759786774914001565235890521619876959164773;2.2343553930870447E-18;428465968638192862272262573242193125
496177;858498124809702045515805035450260903298943300764728522;667142042213847052130335384934124543580554763249819116;858498124809702045092975774666152711569350252669025397;-2.209646304670261E-18;-422829260784108191729593048095703125
496178;858504342434388890695788614341574741285707992583965008;736130185516269309933548374449760919336660438520657593;858504343437780168249122407890092596126558822662084383;8.199372341536961E-9;1003391277553333793548517854840850830078119375
496179;860581692228315573304003041261542715291530224779472739;739640896901138386316449213966480443164525538216495771;860581616987348307171347311296290856296743239847832114;-6.221305810217778E-7;-75240967266132655729965251858994786984931640625
496180;863630010264757075850985388664513330443923083183345648;794173803084098110523240236576086038812164590934520879;864058960035911126047728382311848783962534991142330023;0.006175830621420646;428949771154050196742993647335453518611907958984375
496181;898803289451974144072226168702073193991307516533727827;803915772143712013148961103257440758928705343741122182;898803364706322338981214885335830770337705094414592827;7.930900747506055E-7;75254348194908988716633757576346397577880865000
496182;920776379507695569335182156067253719990141602720914305;1021863108952806304439927214357727631295858538325225787;920782023583631806837770853116757865970022889342013680;5.58339948994214E-5;5644075936237502588697049504145979881286621099375
496183;932617939798650883176521698880871264048512564413462733;1241234874157123153500997786800357524052085253705874464;932617939798650883176521698880871264048512564413462733;0.0;0
496184;952471770005429718729168666109015977414396596814274276;1365595919581423375043047123397505250555558540334226142;952471769002038441175909039769104916537550283337711776;-2.4287887275122537E-9;-1003391277553259626339911060876846313476562500
496185;954983397258393359649971870104469812095493002750455858;2100414712555117799895912138162684094721330515653432523;954983397258393359650047039572651951194123910985221483;6.56254697931551E-23;75169468182139098630908234765625
496186;1015980628480352992474678299393578524301438464888600357;2122917582156503832974242848276754046773288569042644017;1015980628493731542842056083307527086089043572554615982;1.2086099685214645E-11;13378550367377783913948561787605107666015625
496187;1015990190745744753554217502523446359606695556925873207;2137360988235093468698120481621874966400601497684720545;1015990190745744753554218504783022121461330798656732582;8.937806994847969E-25;1002259575761854635241730859375
496188;1085363854941501654302085617609820349003228434785326369;2158853950510555988828215537279846459728598442669091315;1085363854941501654302085617612196075405047660859545195;2.2130864659350763E-30;2375726401819226074218826
496189;1093587381760260624305065370109751177556742973483981000;2286697364696506880907582325810892387446500141127971452;1093587381760260624727893628634284452133406944462887250;3.5439168607402985E-19;422828258524533274576663970978906250
496190;1339348476958368040262685034007545571059169717700204837;2314590083036405612938606493550158815882526767772307668;1339348476958368040685513292532078000933113046557626712;4.3356257145852147E-19;422828258524532429873943328857421875
496191;1555682830299275716151018301190461048799136532942486156;2347201550772981308260730001118629254003832476040891517;1555682830299275716151018301190461048799136532942486156;0.0;0
496192;1591320197025213142855039915533564463732164727038296267;2378961753201450629287998671995078765461647928869913451;1591320121770867326354930229926542789218347893542202516;-9.55438996665403E-8;-75254345816500109685607021674513816833496093751
