497320;429435142579072627719149924796509738383480010207678772469524459403;468996370658021980030352658823546444658360391902753065108194459534;429435142579072204413454528603566773154623268522049881480686568778;-1.0700014027659448E-14;-423305695396192942965228856741685628890988837890625
497321;431184072873685619188418854450585388182194265211800736675605138153;803660817685565617675307764558384146639674039701932263529292160545;431184072873685195882723458257219594694634811616162461529120763153;-1.136462077947939E-15;-423305695396193365793487559453595638275146484375000
497322;464171592259588346467353331019951452894244899355537409837525017111;847642684234726886195777711747130831327230297084105116101793128899;464171592259588346467353331019951452894244899355537409837525017111;0.0;0
497323;486094383052858078350271157198615649943052819190342349412566296551;852840976851945844534888532561164742753387661543039388598888990099;486094383055238749580175957441574181314508543530065936448699109051;6.4913247189120094E-12;2380671229904800242958531371455724339723587036132812500
497324;576748838960812042997884486779416094958233990608219795864808337903;882300780673795584920587500437086842532894400203940741646043522806;576748838960811619692189090586473129729199069442456465176331781028;-1.385380479086662E-15;-423305695396192942965229034921165763330688476556875
497325;578401120866683606555629676828003811803213463851585636027628855076;914686531429530343138237134270518260605925948922312462978326816368;578401120866683183249934280634643656025767670688345680125529245701;-1.2587691350858763E-15;-423305695396193360155777445793163239955902099609375
497326;892861475821565431789605129888820871081586891565867365114443882334;1265039576915770820629051278894724580656085929687236057676011429074;892861475821565431789605129888820870079327315804012716524355991709;-2.6929568741825667E-36;-1002259575761854648590087890625
497327;951185375151913352720500159775794468203455384263427680319040313299;1265622093674067292367134200780843665473148426452556664046013850002;956835824277280641912170723705014834002658116770358508413522735174;0.017970067719585304;5650449125367289191670563929220365799202732506930828094482421875
497328;1391142851588160500965547671784684983424254440022688869959262302841;3408049702125068482052338678540270048067845673910208992204470011568;1391142851588160077659852275591319189936694986427050594812777927841;-2.098786541795462E-16;-423305695396193365793487559453595638275146484375000
497329;1440866639988341328093199501162351901575038196799068860204004361266;5470916233247524908647491975015855349585509742956925140734775883774;1440866639988340910431580041206488696797891708359568528325342251891;-1.0363684361565993E-16;-417661619459955863204777146488439500331878662109375
497330;1442748248408975014848718098469939862022294233812949863879210032091;7266625896753965845440671896566701895793320378107673469965325754921;1442748248408974591543022702276579706244848440649709907977110422716;-7.268451038226857E-17;-423305695396193360155777445793163239955902099609375
497331;4261268658164079018518000686704739516686725550156282590289652513519;7577244991687619507416860208040199993394857257522005157555134313775;4261268658164079018518000686704739516686725550156282590289652513520;3.0157030672694963E-67;1
497332;5155093993993479782523397964024832206877119834609863121876230569478;7593742458192627367113951979599762287318294203322058808503169119393;5155093993993479359292956913647972085629176341992196400532236428853;-1.7355123022594638E-16;-423230441050376860121247943492617666721343994140625
497333;5628014973756584383328232028245808054299551953050544796068405577056;7605124518272487445753589528567429229965232409444426538095821716268;5628014973756583965666612568289944849522405464611044464192116514556;-2.1124859804478898E-16;-417661619459955863204777146488439500331876289062500
497334;5629906590942945646175067084847789527646067943380350891445344249149;8040286622853713692050131077390600190036006688199634779033044879462;5629906590942945222944639413021713974717085841988141361571008311649;-1.7558659716257309E-16;-423230427671826075552928982101392209529874335937500
497335;5651579439282731784471143959681585549820360857016349638355429648231;9873014170706082900251871529281663565104697032704433320939583683271;5651579439282731361165448563488219756346164864430869425190146445181;-1.0027531451456704E-16;-423305695396193365793474195992585480213165283203050
497336;7634138451051681673829672936102011142744669677019127440524644311127;28365394505757441930792755599400192838621619660575872563864174553785;7634138451051681250523977539908650986967223883855887484800523217377;-2.0418719168735932E-17;-423305695396193360155777445793163239955724121093750
497337;7748377785565837286120832053292773457137061033424203597207052094494;28366536438542477262816992381378921636016768598671658780641688553335;7748377785565836862815136657099407663649501579828565322060567719570;-2.05307225791029E-17;-423305695396193365793487559453595638275146484374924
497338;7758897429841102487673729729358097172581417211206830161229683742202;28371648446626262555574836648835772330632654221519555085794614002835;7758897429841102064368034333164731379093857757611266970769478664077;-2.0536108695607466E-17;-423305695396193365793487559453595563190460205078125
497339;7760030249065029691077883665518833516688985707080447008869927748478;29195567371398527805624210260685965948857889209774000578230740548017;7760030249065029267772188269325467723201426253484808733723443373478;-1.9747846437454317E-17;-423305695396193365793487559453595638275146484375000
497340;7770519785854233155446513001889597297655851299362824888981635497301;29223742110638349764561261699878678483079638510226576319420057316871;7770519785854232732140817605696231504168291845772817965306098387926;-1.9731567080585552E-17;-423305695396193365793487559453590006923675537109375
497341;7775170601866751767713972380717753384887414414030552976879658381468;29229254294357493548036067614141693642109777382812040604272464411901;7775170601866751344408276984524387591399854960434914701733174428343;-1.973077487081664E-17;-423305695396193365793487559453595638275146483953125
497342;7782930740734476977755978168926093475717321233248678396610834001737;29337810939606357567718169007970878752196721844141229080322537430717;7782930740734476554450282772732727682229761779653040121464349626737;-1.963850837910702E-17;-423305695396193365793487559453595638275146484375000
497343;8082419250757020311982259758530738183666829806548266705837869231427;29647227449410327668263588822926783964856516866825401821070519408046;8506202921765941563227906595587678569749813816294520196285867278302;0.01965163182093064;423783671008921251245646837056940386082984009746253490447998046875
497344;8172303105156995085027461334931428577380159848568459619469990234431;29647772936026540337044000624215195471388154914134960355868496305320;8596086776165916336273108171988368963463143858320344461388935546931;0.019733382987493976;423783671008921251245646837056940386082984009751884841918945312500
497345;8177119117744581608507852028926620556769641029403551656697019356877;29720825968294221520907616511094037131636876026076247327324913602745;8600902788753502859753498865983560942852625039149805147145017403752;0.019670879944140594;423783671008921251245646837056940386082984009746253490447998046875
497346;9353173727493868151193497553638382220375928518690160859187178224599;30189664561095000991338727273053018077370332058353898793142262997568;9353173727496248822423402353849628632358044310789338696559004396474;1.142549025609296E-13;2380671229904800211246411982115792099177837371826171875
497347;9748920251810322827046821733274030185839964721641541325016602486047;30472939625154640197592043980825215388396904860335876159823271490148;9748920251810322403816380682897164426868544107581318222447022407922;-2.0422217979333924E-17;-423230441050376865758971420614060223102569580078125
497348;9810309707352638423818563888735553288352861968983294751623356711051;30501041001952495206191008019222177660533035894671318639922997565243;9810309720746294768908049204723345850498972513884427335241520773551;6.473263875687729E-10;13393656345089485315987792562146110544901132583618164062500
497349;10256926132596639220064819702291976569071518731894902419391327304874;30890847846107135868305020537594272805408849029420380348423829289645;10257001471915929271723488989162722547163296351789287770569305820499;3.651236073107792E-6;75339319290051658669286870745978091777619894385351177978515625
497350;11144962784212580143106946375857021264717011492959401662816100214387;30943208459979805477675022747233957950786603863668800762740740366722;11144962784212579719802267749491576182806914537462375219334654901887;-2.1380918570198594E-17;-423304678626365445081910096955497026443481445312500
497351;11454759231985310642450759232807576272239188526321827217029438262893;30999042890898839707097266002264236268174517950787382687126023274793;11454760236509567425477922032388392997995906573273658605274067169143;5.139734330067889E-8;1004524256783027162799580816725756718046951831388244628906250
497352;11504336224186856177338721168503310117452036840952680522979013251431;31743618355558913680006546957086789666334021647940231272781419657443;11504336224186855754033025772309944323964477387357042248010507392056;-2.0915054824995254E-17;-423305695396193365793487559453595638274968505859375
497353;11510873751040534885604358736586152023054422327388384843924264892601;31788814152732211689080595284793243397106957546850028822378519289567;11510873751040534462298663340392786229566862874215097929276803955101;-2.0875181947022555E-17;-423305695396193365793487559453173286914647460937500
497354;11613426891631364192608347871845763816302553885337312476021959270101;31879145771026629279469632762393937176043716551968902138356454047775;11613426891631363769302652475652398022814994431741674200875506535726;-2.088777101445833E-17;-423305695396193365793487559453595638275146452734375
497355;11968054758279375261017381974601566680291333843188946426266675418919;31880584302082707260048957872840753053380113093992230793281948621043;11973705207404742550209052538530787046103724232952301681393628543920;2.837635024187913E-4;5650449125367289191670563929220365812390389763355255126953125001
497356;13205186729800895593812725698679420350196994758689079260491272296898;32174551293929525198192228715851169616493869719898283166361947009076;13205186729803276265042630498890666762179110550788257097863098468773;1.2550084225840055E-13;2380671229904800211246411982115792099177837371826171875
497357;13263656202830171641490592840814748517809913214040124233594610974869;32174928044129019018733695794517469983636652924581467295863874376649;13263657207356809519053355836800177449036306506692402084699347302995;5.3117878390593256E-8;1004526637877562762995985428931226393292652277851104736328126
497358;13278717923434236058463200886369225586606091930320397274343256535719;32190376612289498662764299892683182283001389368383755010825233551343;13278717923434235635157505490175859793118532476724758999196772160720;-2.2383319324901394E-17;-423305695396193365793487559453595638275146484374999
497359;14597629419835382811681768211102411769913410398686339459082858981000;32201597372008710103180508722279538475243011211016701082634615210187;14597629419835382822894665737760916912818097489463200173041599215375;6.369528481943299E-19;11212897526658505142904687090776860713958740234375
