497371;16501510322717526303665198512185875575587551528780652900584325068280153178;30023682204421196684896447794266182487759772999221958424420248965183514235;16501510322717526303665198512185875575587551528780652900584325068280153178;0.0;0
497372;16502999526789685653658095503790295696284415541693127168865729794825826672;40214133105266889572496004536084249303039534026634202840298983810284258597;16502999526789685653658095503790295696284415541693127168865729794825826672;0.0;0
497373;17933907635832763490498129885610360775998763774247475277113726678052760791;40221443786074579228791704251665422400603294935324749780526728262955969374;17933907635832763490498129885610360775998763774247475277113726678052760791;0.0;0
497374;42376589448709410335220856530823566866842000845323183116652637708275543649;174865563345290113883779102065425869864754773147904926477582272942309476258;42376589448709410335220856530823566866842000845323183116652637708275543649;0.0;0
497375;43487358260819988290776410541067972555835182327104944283557935306973611643;231146487669714886687158612458133947734622227234050846703801711322748020095;43487358260819988290776410541067972555835182327104944283557935306973611643;0.0;0
497376;44214957555162977891265757346871418036802603861579300563288827994371710631;231146487669714886687158612458133947734622227234050846703801711322748020095;44214957555162977891265757346871418036802603861579300563288827994371710631;0.0;0
497377;255001272760679515052129123751078769525327974409594645314851848296515444727;240263824235666390739597490908080919133510033299529165895666254835313099012;255001272760679515052129123751078769525327974409594645314851848296515444727;0.0;0
497378;259451912351524285632661770960667769764966386021453214074072074804546970388;240804854880702458197552720674093040044065480401784292011461172901055295410;259451912351524285632661770960667769764966386021453214074072074804546970388;0.0;0
497379;268908322073604903929278699024654426662067475270403058272105862636010690710;241181679892095348712501388152984648430824060829203895183299551796596217342;268908322073604903929278699024654426662067475270403058272105862636010690710;0.0;0
497380;297703535568966798721717718752941307010920186207953059665834367118871614552;241563087850684998877740781034933118392583782952402941590694328584091170100;297703535568966798721717718752941307010920186207953059665834367118871614552;0.0;0
497381;298035582471056778707930021742598740022573470865616310983462847961037561278;254397242300104910262587422285542565916171354799729275224991742916295575725;298035582471056778707930021742598740022573470865616310983462847961037561278;0.0;0
497382;298760506780962733855328341937930306156888102583400369661922273841955926876;254564582762473187783755963174216886550010002844017113849486159567898468445;298760506780962733855328341937930306156888102583400369661922273841955926876;0.0;0
497383;308824256828042765516111708122129512766993353224986587253847918298441216756;897117777864969084185349562108958984317364643435030931822794691093057132200;308824256828042765516111708122129512766993353224986587253847918298441216756;0.0;0
497384;322707193761165375293142478360474112229566748047773485571006660392869979403;897293830207742237224512973265350971453106242409055109076854416146541567620;322707193761165375293142478360474112229566748047773485571006660392869979403;0.0;0
497385;348654518322816653393907381882802507633948401226134811987082831082760666368;898018788028568409311105136746844744309238093800454753986917963126724981967;348654518322816653393907381882802507633948401226134811987082831082760666368;0.0;0
497386;352617029489312952405051970690290830604049476670473839871770893388121592518;911962075588028478033315385800283071408332604177219935888811987261135189092;352617029489312952405051970690290830604049476670473839871770893388121592518;0.0;0
497387;353460573135636144077591578049857084047175789950460408124473772682843097899;914681300898422862048932053688974797868053570972829460409978801174944317194;353460573135636144077591578049857084047175789950460408124473772682843097899;0.0;0
497388;364188096875004150622338720621537431433982983410693836371480370085546820387;950416470775698647014910365994658034647198721241452067389092359776477947599;364188096875004150622338720621537431433982983410693836371480370085546820387;0.0;0
497389;365076395703658297133019509120636871833106890272604404016693570256208479156;955103177443910894440889030633376665415211982829663956847724560769963413447;365076395703658297133019509120636871833106890272604404016693570256208479156;0.0;0
497390;365835396604177758299249816733323746708632390290114146360311771986660604166;965246240826549517241259375942438284721204374964684469802353192850771438246;365835396604177758299249816733323746708632390290114146360311771986660604166;0.0;0
497391;366519381703550314552308501436606519534027011015101957523722011436428094499;967203388761225739368564151022393774421713819729626436462928827458910871767;366519381703550314552308501436606519534027011015101957523722011436428094499;0.0;0
497392;366519381703550314552308501436606519534027011015101957523722011436428094499;978285382511742208847217213722361912198052036011420958293346190870386460702;366519381703550314552308501436606519534027011015101957523722011436428094499;0.0;0
497393;377603243253114327902489562999895213222425845354449617611248472219338339147;978664467604469267175476908376903688725380521725587813631130246012430295774;377603243253114327902489562999895213222425845354449617611248472219338339147;0.0;0
497394;380285761167974135519650755356865637450285833796404317485868959017773580024;990638103605224054548505639010707209597988228495484826720433977941182543867;380285761167974135519650755356865637450285833796404317485868959017773580024;0.0;0
497395;420204467536499484231688870220263096944806895049653563111193935366315119147;1004566455302691874645865214899565841959293985886802705101526152660986545322;420204467536499484231688870220263096944806895049653563111193935366315119147;0.0;0
497396;420551823126314690719737613771644574214809700302494222707828459639101131781;1005458817075444626979880031650935465349014226816472113055694483150362628220;420551823126314690719737613771644574214809700302494222707828459639101131781;0.0;0
